-0.131459 -0.401636 0.906315 
-0.182643 -0.463651 0.866989 
-0.364961 -0.0593392 0.92913 
-0.834875 0.5504 0.00656018 
-0.894381 -0.394063 0.21165 
-0.348549 -0.90961 0.226103 
-0.25257 0.888843 -0.382317 
-0.293584 0.856882 -0.423748 
-0.237592 0.935457 -0.26167 
-0.434951 0.891772 -0.124743 
-0.24211 0.938287 -0.246981 
-0.337515 0.800564 -0.495157 
-0.342115 0.75792 -0.555441 
-0.437292 0.809296 -0.392194 
-0.361562 0.882313 -0.301324 
0.467528 -0.153558 -0.870539 
-0.291927 0.909276 -0.296642 
-0.372731 0.874654 -0.309923 
-0.54229 0.705788 0.455834 
-0.083928 -0.756405 0.648697 
0.0278982 -0.889138 0.456788 
-0.0280735 -0.392428 0.919354 
0.0399883 -0.795608 0.604491 
0.20836 -0.920528 0.330475 
0.511675 -0.85816 0.041831 
0.383222 -0.882672 0.272086 
-0.0847727 -0.67414 0.733723 
0.359484 -0.90824 0.214177 
0.222662 -0.914017 0.339109 
0.730332 -0.072595 -0.679224 
0.639496 -0.753901 -0.15059 
0.634905 0.457699 -0.622421 
0.236362 -0.798429 0.553754 
-0.411677 0.899046 -0.149127 
-0.378975 0.904805 -0.194182 
-0.416107 0.909111 -0.0193143 
-0.452228 0.844922 0.285652 
0.766322 -0.592444 -0.248518 
0.633999 -0.772715 0.0309295 
-0.0852377 0.991937 -0.0937865 
0.30363 -0.935507 0.180654 
-0.060305 -0.959007 0.276891 
0.0507338 -0.925698 0.374847 
-0.913097 0.398181 0.0877834 
0.298828 0.947137 -0.116761 
0.392261 -0.90214 0.179652 
-0.402993 0.901902 -0.155463 
-0.0235175 0.802361 -0.596376 
-0.525152 0.850114 0.0390177 
-0.705742 0.567654 0.423908 
-0.607276 0.793029 -0.0481761 
-0.853144 0.360673 0.376909 
-0.411145 -0.526866 0.743889 
-0.560087 -0.711223 0.424811 
0.801406 -0.0146455 0.597942 
0.75148 -0.0596151 0.657057 
0.680706 0.381467 0.625398 
-0.41916 0.812368 0.405418 
-0.149876 0.0849496 0.985049 
0.1593 -0.574677 0.802726 
-0.555837 0.750414 -0.357665 
-0.60681 0.726592 -0.32225 
-0.446951 0.821717 -0.353576 
-0.404436 0.90553 -0.128248 
-0.436104 0.83049 -0.346555 
-0.682987 0.673712 -0.282208 
-0.733859 0.62023 -0.277067 
-0.634945 0.753048 -0.172521 
-0.529615 0.81353 -0.240161 
-0.558856 -0.588348 -0.584403 
-0.49856 0.810243 -0.30813 
-0.541224 0.808769 -0.230153 
0.0904995 0.966962 0.238316 
0.633358 -0.418939 0.650652 
0.52559 -0.63742 0.563427 
0.856562 -0.044254 0.514143 
0.651882 -0.516161 0.555543 
0.494137 -0.775908 0.392167 
0.359386 -0.93291 0.0228321 
0.512854 -0.831541 0.213356 
0.699339 -0.321464 0.638424 
0.453824 -0.861874 0.226313 
0.507248 -0.773407 0.380185 
-0.284025 -0.565296 -0.774448 
0.230094 -0.953606 -0.194144 
-0.336993 -0.0520997 -0.940065 
0.691508 -0.613188 0.38186 
-0.417068 0.89494 -0.158543 
-0.443943 0.872895 -0.202409 
-0.304068 0.94534 -0.117793 
-0.0392599 0.998349 0.0419212 
0.178115 -0.895497 -0.407873 
0.392296 -0.911769 -0.121581 
-0.237814 0.860828 -0.449911 
0.40297 -0.873231 0.274011 
0.33488 -0.717558 0.610709 
0.466456 -0.703345 0.5364 
-0.362296 0.737587 0.569831 
-0.087413 0.660716 -0.745529 
0.436364 -0.880407 0.185659 
-0.419324 0.891966 -0.169011 
-0.638326 0.517872 -0.569516 
-0.291946 0.956261 0.0182334 
0.00780482 0.903734 0.428023 
-0.3986 0.913235 0.0843822 
-0.0733928 0.770093 0.633696 
0.550295 -0.0600909 0.832805 
0.222399 -0.257375 0.940371 
0.882191 -0.150875 -0.446066 
0.91885 -0.151401 -0.364406 
0.807924 0.247709 -0.534695 
0.0860213 0.993823 0.0701133 
0.806436 0.436592 0.398809 
0.854564 -0.312644 0.414697 
-0.648243 0.760554 -0.0365838 
-0.635722 0.771418 0.0277951 
-0.606038 0.779526 -0.158296 
-0.396047 0.904041 -0.160801 
-0.596109 0.784891 -0.169114 
-0.626496 0.768786 0.128339 
-0.637524 0.744706 0.197423 
-0.517039 0.851624 0.0860679 
-0.539264 0.840608 -0.0507152 
-0.694329 -0.462387 0.551457 
-0.586312 0.804353 -0.0961967 
-0.534757 0.844249 -0.0357515 
0.13814 0.870784 -0.471861 
0.904595 -0.415742 -0.0941613 
0.805901 -0.587639 0.0721355 
0.834517 -0.224413 -0.50321 
0.838982 -0.536304 -0.0921245 
0.655482 -0.747133 0.110163 
0.285544 -0.94198 0.176463 
0.510186 -0.857647 0.064439 
0.910603 -0.36199 -0.199411 
0.499909 -0.856078 0.131231 
0.650151 -0.753912 0.094449 
-0.748497 -0.611543 0.256451 
0.0381212 -0.9746 0.220685 
-0.98003 -0.198719 -0.00714807 
0.712191 -0.689327 -0.132712 
-0.42733 0.890672 -0.155221 
-0.475554 0.86897 -0.13689 
-0.348108 0.901226 -0.258094 
-0.0973158 0.889615 -0.446223 
-0.182282 -0.969352 0.164713 
0.168094 -0.98141 0.0926212 
-0.606632 0.699462 -0.377823 
0.521969 -0.830756 0.193371 
0.775408 -0.565514 0.280958 
0.763997 -0.62904 0.143585 
0.266578 0.957 0.114395 
-0.782584 0.375384 -0.496638 
0.458192 -0.877555 0.141273 
-0.437333 0.885784 -0.155329 
-0.845847 0.528016 0.07578 
-0.222482 0.947632 -0.229121 
0.279521 0.907896 -0.312398 
-0.20423 0.97377 -0.100312 
0.444278 0.88857 -0.114281 
0.98934 -0.016888 -0.144644 
0.967427 -0.0220516 0.252189 
-0.000723243 -0.622084 -0.78295 
0.0881925 -0.612162 -0.785799 
-0.159073 -0.275794 -0.947963 
-0.0175369 0.844016 -0.536032 
0.652944 0.174942 -0.736925 
0.776403 -0.485607 -0.401728 
-0.402057 0.905277 0.1372 
-0.340359 0.929412 0.142648 
-0.494987 0.867202 0.0543084 
-0.421366 0.889365 -0.17743 
-0.501017 0.864506 0.0401378 
-0.246141 0.954364 0.169125 
-0.186249 0.959295 0.212284 
-0.246517 0.968784 0.0262128 
-0.377169 0.92613 0.00520036 
0.248419 0.050111 0.967356 
-0.433866 0.899787 0.0462971 
-0.362273 0.932061 0.00462786 
-0.46533 0.550181 -0.693375 
0.354974 -0.751227 -0.556463 
0.481454 -0.808612 -0.338155 
-0.0637371 -0.683887 -0.726798 
0.342743 -0.828183 -0.443442 
0.469432 -0.873961 -0.125797 
0.392215 -0.87283 0.290404 
0.378905 -0.924911 0.0311636 
0.257095 -0.739701 -0.621889 
0.434052 -0.898865 0.0603306 
0.453879 -0.8825 -0.123243 
-0.0212178 -0.147475 0.988838 
0.328917 -0.787859 0.520665 
-0.405613 0.220533 0.887042 
0.26979 -0.921649 -0.278884 
-0.428283 0.892138 -0.143748 
-0.430122 0.898454 -0.0881754 
-0.487376 0.83773 -0.246321 
-0.546134 0.668982 -0.504184 
0.183155 -0.711908 0.677969 
0.271223 -0.88539 0.377523 
-0.682117 0.730878 0.0230802 
0.496136 -0.866791 0.0502325 
0.652488 -0.713002 -0.256686 
0.532195 -0.805465 -0.260759 
0.104092 0.753402 -0.649269 
-0.826006 0.485662 0.286089 
0.427572 -0.897523 0.107863 
-0.432119 0.891911 -0.133297 
-0.359284 0.818787 0.447775 
-0.412764 0.836146 -0.361227 
-0.266048 0.574396 -0.774137 
-0.292786 0.890975 -0.347044 
-0.0155255 0.552423 -0.83342 
0.299278 -0.456867 -0.837678 
0.645383 -0.330414 -0.6887 
-0.627195 -0.777066 0.0528743 
-0.59256 -0.805146 -0.0247487 
-0.883964 -0.46555 -0.0432581 
-0.586667 0.569989 -0.575269 
-0.398217 -0.338419 -0.852582 
0.0328123 -0.854575 -0.51829 
-0.15755 0.984545 -0.0764772 
-0.128926 0.982224 -0.136434 
-0.26728 0.963571 -0.00959581 
-0.445408 0.881785 -0.155135 
-0.282234 0.959312 -0.00798807 
-0.067505 0.974008 -0.216221 
-0.00368165 0.967458 -0.253007 
-0.197236 0.942621 -0.269376 
-0.267343 0.951904 -0.14969 
0.966485 0.240987 0.0884942 
-0.251895 0.96464 -0.077581 
-0.262134 0.950852 -0.16482 
-0.885872 0.448144 -0.119993 
-0.255975 -0.961769 -0.0973523 
0.000631114 -0.994945 -0.100423 
-0.596862 -0.787736 0.152407 
-0.151075 -0.988438 -0.0129207 
0.193099 -0.981125 0.0103489 
0.531956 -0.821033 0.207191 
0.300417 -0.940385 0.159452 
-0.358125 -0.932579 -0.0452031 
0.347247 -0.931113 0.111568 
0.189696 -0.981445 0.0279566 
0.892742 0.185617 0.410557 
0.700563 -0.651482 0.291174 
0.592477 0.626206 0.506792 
-0.0243081 -0.989074 0.145401 
-0.418608 0.897314 -0.139984 
-0.370433 0.920601 -0.123583 
-0.529405 0.842603 -0.0987438 
-0.765519 0.641321 -0.0518473 
0.769439 -0.478993 0.422527 
0.559152 -0.75643 0.339357 
-0.359822 0.91165 0.198551 
0.3612 -0.931527 0.0423404 
0.135977 -0.956206 -0.25919 
0.0913561 -0.98882 -0.11785 
-0.624801 0.407991 -0.665707 
-0.15767 0.838974 0.52083 
0.386833 -0.912714 0.131578 
-0.410897 0.901868 -0.133411 
0.148912 0.988322 0.0323288 
-0.599818 0.775884 -0.195506 
-0.875002 0.364092 -0.319074 
-0.54186 0.779285 -0.314806 
-0.817385 0.226141 -0.529851 
-0.566268 -0.772076 -0.288513 
-0.298671 -0.756363 -0.581989 
