1 5.518e-17
2 4.11225e-16
3 5.57848e-16
4 8.57912e-16
5 1.27291e-15
6 2.01669e-15
7 0.0347158
8 0.034716
9 0.0782833
10 0.104488
11 0.104489
12 0.144788
13 0.144789
14 0.189887
15 0.189887
16 0.193731
17 0.193732
18 0.226488
19 0.22649
20 0.269703
21 0.280405
22 0.280408
23 0.289322
24 0.333719
25 0.333719
26 0.358653
27 0.358656
28 0.371235
29 0.386465
30 0.386471
31 0.395179
32 0.416815
33 0.416819
34 0.431172
35 0.431176
36 0.446169
37 0.469414
38 0.484963
39 0.484966
40 0.488457
41 0.488459
42 0.513714
43 0.513716
44 0.520679
45 0.520686
46 0.532854
47 0.563203
48 0.563204
49 0.571638
50 0.57164
51 0.586743
52 0.593714
53 0.593716
54 0.607022
55 0.607025
56 0.63625
57 0.658908
58 0.658913
59 0.674139
60 0.674145
61 0.676073
62 0.681317
63 0.681322
64 0.691405
65 0.691416
66 0.725266
67 0.72527
68 0.754672
69 0.75849
70 0.758496
71 0.767764
72 0.767772
73 0.782329
74 0.836673
75 0.836676
76 0.862959
77 0.862962
78 0.867377
79 0.86738
80 0.877419
81 0.889313
82 0.910983
83 0.910993
84 0.911779
85 0.911783
86 0.941704
87 0.941709
88 0.960458
89 0.960461
90 0.978316
91 0.982413
92 0.982421
93 0.996931
94 1.05169
95 1.05316
96 1.05316
97 1.0571
98 1.05711
99 1.07502
100 1.10826
101 1.10827
102 1.10959
103 1.1096
104 1.12609
105 1.12609
106 1.12725
107 1.14985
108 1.14985
109 1.1695
110 1.1695
111 1.17956
112 1.22072
113 1.22073
114 1.23122
115 1.23123
116 1.24271
117 1.24426
118 1.24426
119 1.27699
120 1.277
121 1.27892
122 1.32932
123 1.32933
124 1.33286
125 1.33288
126 1.35308
127 1.378
128 1.37801
129 1.39336
130 1.39818
131 1.39819
132 1.41327
133 1.41328
134 1.42118
135 1.42118
136 1.46582
137 1.46583
138 1.46648
139 1.48991
140 1.49006
141 1.49006
142 1.51181
143 1.51182
144 1.53087
145 1.53088
146 1.53198
147 1.53198
148 1.53505
149 1.56787
150 1.57325
151 1.57325
152 1.57876
153 1.57877
154 1.59402
155 1.59403
156 1.60951
157 1.60951
158 1.62516
159 1.6304
160 1.66778
161 1.6809
162 1.68091
163 1.69078
164 1.69079
165 1.70299
166 1.71122
167 1.71123
168 1.72172
169 1.72173
170 1.76646
171 1.76646
172 1.77669
173 1.7767
174 1.78616
175 1.81397
176 1.81398
177 1.81883
178 1.83178
179 1.83179
180 1.85372
181 1.85373
182 1.86329
183 1.8633
184 1.87084
185 1.87084
186 1.87683
187 1.88676
188 1.88677
189 1.89067
190 1.93134
191 1.93135
192 1.945
193 1.94501
194 1.9486
195 1.94861
196 1.95588
197 1.97822
198 1.98574
199 1.98575
200 1.99401
201 2.00006
202 2.00006
203 2.00909
204 2.0091
205 2.0178
206 2.01781
207 2.02719
208 2.02719
209 2.04071
210 2.06291
211 2.06759
212 2.06761
213 2.06776
214 2.06777
215 2.0854
216 2.08541
217 2.10716
218 2.12025
219 2.12352
220 2.12353
221 2.12447
222 2.12448
223 2.16058
224 2.1654
225 2.16541
226 2.17452
227 2.17453
228 2.18621
229 2.19787
230 2.19788
231 2.20143
232 2.20145
233 2.22819
234 2.2282
235 2.23546
236 2.23547
237 2.24728
238 2.27228
239 2.27229
240 2.27751
241 2.27752
242 2.27946
243 2.27947
244 2.30051
245 2.31519
246 2.31519
247 2.3379
248 2.34449
249 2.3445
250 2.36392
251 2.36392
252 2.38482
253 2.39849
254 2.39849
255 2.41355
256 2.41355
257 2.41606
258 2.41607
259 2.43007
260 2.43649
261 2.4365
262 2.45321
263 2.45323
264 2.4668
265 2.46681
266 2.48371
267 2.49441
268 2.49443
269 2.50941
270 2.54795
271 2.54795
272 2.56041
273 2.56042
274 2.57989
275 2.60458
276 2.60458
277 2.60883
278 2.61135
279 2.61136
280 2.6327
281 2.64492
282 2.64493
283 2.65057
284 2.65057
285 2.67276
286 2.67408
287 2.67409
288 2.70091
289 2.70092
290 2.72411
291 2.72411
292 2.72502
293 2.73866
294 2.73866
295 2.76886
296 2.77213
297 2.77214
298 2.79316
299 2.79317
300 2.82833
301 2.82834
302 2.84159
303 2.84159
304 2.84415
305 2.86938
306 2.86939
307 2.8726
308 2.88969
309 2.88969
310 2.90714
311 2.90716
312 2.92076
313 2.92077
314 2.94464
315 2.96264
316 2.96265
317 2.96602
318 2.96603
319 2.98204
320 3.0005
321 3.00051
322 3.03127
323 3.03128
324 3.04808
325 3.07382
326 3.07383
327 3.08342
328 3.08344
329 3.08666
330 3.11505
331 3.11506
332 3.12818
333 3.1282
334 3.15212
335 3.15213
336 3.1617
337 3.16396
338 3.16396
339 3.17767
340 3.19927
341 3.21365
342 3.21366
343 3.21566
344 3.21567
345 3.241
346 3.24101
347 3.24886
348 3.26531
349 3.26531
350 3.29303
351 3.2947
352 3.29471
353 3.29622
354 3.29623
355 3.34022
356 3.35747
357 3.35748
358 3.3647
359 3.36471
360 3.36622
361 3.37596
362 3.37597
363 3.38293
364 3.38295
365 3.40058
366 3.40059
367 3.40831
368 3.41717
369 3.41718
370 3.4652
371 3.46522
372 3.46825
373 3.46826
374 3.48597
375 3.49189
376 3.4919
377 3.50745
378 3.52704
379 3.52704
380 3.55375
381 3.55378
382 3.55788
383 3.55788
384 3.55931
385 3.58929
386 3.5893
387 3.5955
388 3.6128
389 3.62673
390 3.62675
391 3.64599
392 3.646
393 3.65155
394 3.6679
395 3.66791
396 3.69295
397 3.69297
398 3.71216
399 3.71219
400 3.75102
401 3.75104
402 3.76561
403 3.76561
404 3.7718
405 3.81013
406 3.81015
407 3.81149
408 3.8115
409 3.81682
410 3.82457
411 3.82459
412 3.8736
413 3.87361
414 3.87497
415 3.87498
416 3.8909
417 3.92026
418 3.92027
419 3.93024
420 3.93045
421 3.93045
422 3.94987
423 3.94988
424 3.95388
425 3.9539
426 3.97172
427 3.97794
428 3.97795
429 4.00784
430 4.00786
431 4.03565
432 4.05804
433 4.05805
434 4.05891
435 4.06848
436 4.06849
437 4.08749
438 4.0875
439 4.09316
440 4.09316
441 4.12311
442 4.13417
443 4.13418
444 4.15629
445 4.1563
446 4.15762
447 4.15763
448 4.2
449 4.21278
450 4.21279
451 4.24566
452 4.24567
453 4.24732
454 4.25285
455 4.25286
456 4.26132
457 4.2963
458 4.30824
459 4.30826
460 4.31244
461 4.31246
462 4.34758
463 4.34759
464 4.36496
465 4.36497
466 4.38159
467 4.3816
468 4.38312
469 4.3956
470 4.39561
471 4.40857
472 4.40859
473 4.44355
474 4.44356
475 4.46844
476 4.47173
477 4.47173
478 4.49103
479 4.5038
480 4.5038
481 4.52895
482 4.54814
483 4.54816
484 4.55819
485 4.5582
486 4.56155
487 4.59829
488 4.60598
489 4.60599
490 4.64001
491 4.64002
492 4.65016
493 4.65016
494 4.66904
495 4.66905
496 4.68513
497 4.68514
498 4.68603
499 4.70027
500 4.71709
501 4.71711
502 4.72871
503 4.72873
504 4.75344
505 4.75346
506 4.7732
507 4.7732
508 4.77569
509 4.82432
510 4.82432
511 4.84268
512 4.84769
513 4.8477
514 4.85455
515 4.85456
516 4.89783
517 4.89784
518 4.9116
519 4.91451
520 4.91982
521 4.91983
522 4.93254
523 4.93255
524 4.98924
525 4.99269
526 4.99269
527 5.00471
528 5.00472
529 5.05117
530 5.05118
531 5.06191
532 5.08634
533 5.08782
534 5.08784
535 5.11177
536 5.13118
537 5.13119
538 5.13317
539 5.13318
540 5.18757
541 5.2049
542 5.20491
543 5.21199
544 5.212
545 5.21363
546 5.21365
547 5.25612
548 5.25613
549 5.28283
550 5.28284
551 5.31588
552 5.31866
553 5.31867
554 5.33459
555 5.3346
556 5.36779
557 5.36781
558 5.37698
559 5.39327
560 5.39329
561 5.40202
562 5.40204
563 5.42333
564 5.43195
565 5.43219
566 5.43219
567 5.44418
568 5.44418
569 5.50656
570 5.50657
571 5.51418
572 5.51746
573 5.51747
574 5.5586
575 5.55863
576 5.56445
577 5.56445
578 5.5743
579 5.58014
580 5.58015
581 5.61843
582 5.61844
583 5.63519
584 5.63618
585 5.6362
586 5.66608
587 5.66609
588 5.69433
589 5.69433
590 5.71093
591 5.72901
592 5.72903
593 5.73185
594 5.73186
595 5.73963
596 5.77331
597 5.77819
598 5.77819
599 5.81003
600 5.81004
601 5.83414
602 5.83414
603 5.83905
604 5.83906
605 5.84401
606 5.89651
607 5.89652
608 5.92662
609 5.9518
610 5.95598
611 5.95599
612 5.98073
613 5.98074
614 6.00408
615 6.02168
616 6.02169
617 6.071
618 6.07102
619 6.07109
620 6.07109
621 6.1536
622 6.1536
623 6.17937
624 6.17938
625 6.1889
626 6.18892
627 6.21233
628 6.23814
629 6.23814
630 6.2452
631 6.29817
632 6.29819
633 6.30926
634 6.30927
635 6.32796
636 6.35888
637 6.35891
638 6.40592
639 6.42145
640 6.42147
641 6.45863
642 6.45865
643 6.45947
644 6.45948
645 6.46525
646 6.50435
647 6.50438
648 6.51972
649 6.51973
650 6.53997
651 6.58966
652 6.58967
653 6.58996
654 6.58997
655 6.6186
656 6.6267
657 6.62671
658 6.63373
659 6.63376
660 6.71918
661 6.7192
662 6.73147
663 6.74979
664 6.74981
665 6.82523
666 6.82956
667 6.82957
668 6.83506
669 6.83509
670 6.88057
671 6.89885
672 6.89886
673 6.92005
674 6.92319
675 6.92319
676 6.97264
677 6.98887
678 6.98889
679 7.00529
680 7.00531
681 7.03485
682 7.03488
683 7.03805
684 7.04208
685 7.0421
686 7.08194
687 7.08197
688 7.09995
689 7.09997
690 7.16611
691 7.18776
692 7.18778
693 7.19046
694 7.24695
695 7.24697
696 7.2705
697 7.29734
698 7.29735
699 7.34441
700 7.34442
701 7.36175
702 7.38411
703 7.38412
704 7.40006
705 7.40008
706 7.43717
707 7.4372
708 7.47508
709 7.48685
710 7.48688
711 7.5439
712 7.54391
713 7.6032
714 7.60321
715 7.64374
716 7.69092
717 7.69092
718 7.71029
719 7.7103
720 7.74135
721 7.79058
722 7.79062
723 7.80449
724 7.83631
725 7.83632
726 7.85736
727 7.96895
728 7.96897
729 7.97647
730 7.97649
731 8.02319
732 8.04449
733 8.04451
734 8.11292
735 8.11293
736 8.26496
737 8.26499
738 8.27603
739 8.27603
740 8.34299
741 8.36674
742 8.36676
743 8.49692
744 8.49696
745 8.527
746 8.54298
747 8.54301
748 8.55685
749 8.55687
750 8.66862
751 8.66864
752 8.67303
753 8.69623
754 8.71031
755 8.71033
756 8.79399
757 8.79403
758 8.85444
759 8.8545
760 8.86985
761 9.00457
762 9.01697
763 9.017
764 9.04841
765 9.04843
766 9.09541
767 9.09543
768 9.1118
769 9.19447
770 9.19451
771 9.28297
772 9.28297
773 9.41311
774 9.41314
775 9.5176
776 9.51761
777 9.52348
778 9.60297
779 9.67906
780 9.67909
781 9.80552
782 9.80555
783 9.85567
784 9.85569
785 9.85756
786 9.95326
787 9.95328
788 10.0388
789 10.0389
790 10.1947
791 10.1948
792 10.2786
793 10.2926
794 10.2926
795 10.5273
796 10.5273
797 10.5993
798 10.7577
799 10.7578
800 11.1867
801 11.1867
802 11.2258
803 11.2811
804 11.2811
805 11.5645
806 12.5564
807 12.5564
808 12.726
809 12.9263
810 12.9264
