-0.150477 -0.329161 0.932207 
-0.179187 -0.323319 0.92917 
-0.215553 -0.387575 0.896283 
-0.553193 0.027289 0.832606 
-0.826348 0.0258709 0.562566 
-0.907823 0.271542 0.319564 
-0.913823 -0.345232 0.213875 
-0.54561 -0.749282 0.375348 
-0.356506 -0.811557 0.462902 
-0.189443 -0.869476 0.456205 
-0.611341 -0.659166 0.437907 
-0.589795 -0.728793 0.347856 
-0.999762 0.0136479 0.0170315 
-0.768698 0.638913 -0.0298755 
-0.6563 0.753293 0.042669 
-0.178822 0.920223 -0.348155 
-0.259042 0.811884 -0.523204 
-0.151635 0.875574 -0.45867 
-0.314884 0.829303 -0.461633 
-0.28211 0.839709 -0.464008 
-0.262175 0.889101 -0.375186 
-0.351937 0.919327 -0.176005 
-0.331491 0.911362 -0.243993 
-0.222358 0.932663 -0.284071 
-0.41987 0.866765 -0.269125 
-0.39224 0.880071 -0.267623 
-0.365167 0.851491 -0.376319 
-0.404627 0.746948 -0.527585 
-0.404067 0.798848 -0.445614 
-0.407144 0.882225 -0.236458 
-0.404135 0.869601 -0.283671 
-0.39353 0.900727 -0.183915 
-0.528195 0.841983 0.109886 
-0.384164 0.907379 -0.17053 
0.637966 -0.666779 -0.385235 
0.78317 -0.261511 -0.564142 
-0.0794615 0.793406 -0.603484 
-0.466229 0.748586 -0.471433 
-0.35633 0.909739 -0.213083 
-0.336173 0.918346 -0.208872 
0.609142 0.453737 -0.650437 
0.23573 0.724066 -0.648197 
0.766801 -0.0741364 -0.637589 
0.878896 -0.213221 -0.426707 
0.789691 -0.569093 -0.229177 
-0.253399 -0.797313 0.547797 
-0.213265 -0.74906 0.627238 
-0.704057 -0.00504253 0.710125 
-0.373423 0.201119 0.905597 
-0.0788596 -0.20207 0.976191 
-0.191344 -0.722197 0.664695 
0.104192 -0.905747 0.410811 
0.742475 -0.659919 -0.115056 
0.57994 -0.814327 0.0232667 
0.0257659 -0.742142 0.669747 
0.153251 -0.839575 0.52118 
-0.0976479 -0.810857 0.57704 
0.237562 -0.933613 0.2682 
-0.747318 0.301998 0.591872 
0.763816 -0.0878527 -0.639427 
0.66882 0.296463 -0.681755 
0.791708 -0.459609 -0.402441 
0.372918 -0.895426 0.243197 
-0.274639 -0.786914 0.552575 
0.146039 -0.936051 0.320126 
0.0333969 -0.9192 0.392373 
-0.54947 0.401244 0.732862 
0.596603 -0.721887 0.350634 
0.461353 -0.882655 0.0898568 
0.52248 -0.846037 0.106002 
0.510895 -0.857432 0.0616174 
0.45713 -0.876386 0.151587 
0.344031 -0.905107 0.249849 
-0.364304 -0.548221 0.752819 
-0.064719 -0.54745 0.834332 
0.257452 -0.708535 0.657036 
0.407209 -0.893721 0.188264 
-0.402098 0.897505 -0.181112 
-0.425278 0.894486 -0.137963 
-0.353567 0.922457 -0.155127 
-0.34799 0.918887 -0.185875 
-0.469831 0.876311 -0.10648 
-0.43699 0.899427 0.00839017 
-0.557744 0.738918 0.37805 
-0.667028 0.593561 0.450287 
-0.7503 0.613512 0.246279 
0.779402 -0.482868 -0.399213 
0.370542 -0.914433 0.162818 
0.519545 -0.854101 0.0241958 
0.641329 -0.766387 -0.036716 
0.299066 0.860974 -0.411441 
0.867631 -0.318468 -0.381832 
-0.564446 0.823876 -0.0512737 
-0.858815 0.51228 -0.00244201 
0.00152228 -0.965611 0.259985 
0.214131 -0.972553 0.0910461 
0.232176 -0.9516 0.201372 
-0.14814 -0.954173 0.260015 
-0.0710436 -0.916698 0.393214 
-0.700225 -0.639682 0.317004 
-0.988056 0.128745 -0.0846739 
-0.376523 0.910564 -0.170597 
0.613444 0.769042 -0.179615 
0.360122 -0.91672 0.173021 
0.266827 -0.9292 0.255717 
0.457872 -0.882396 0.108305 
0.300799 -0.938876 0.167425 
-0.88602 -0.221872 0.407114 
-0.951687 0.0231511 0.306197 
-0.46354 0.878214 -0.117776 
-0.0217973 0.95207 -0.305103 
0.0210474 0.914319 -0.404447 
-0.35259 0.908049 0.226115 
-0.511727 0.815195 0.271281 
-0.515164 0.855082 0.0586581 
-0.726462 0.508479 0.462279 
-0.62287 0.770779 0.133914 
-0.446336 0.892599 -0.0636552 
-0.741143 -0.338829 0.579571 
-0.502975 -0.564728 0.654293 
-0.598233 -0.618241 0.509798 
-0.344203 -0.779371 0.52355 
0.807545 0.0637787 0.586347 
0.791681 0.079377 0.605756 
0.754034 0.0286734 0.656209 
0.502348 0.502381 0.703747 
0.143728 0.527439 0.837347 
-0.137704 0.697438 0.703291 
-0.161601 0.135402 0.977523 
0.18914 -0.311409 0.931263 
0.356083 -0.414197 0.837643 
0.429341 -0.533465 0.728753 
0.206227 -0.188212 0.960233 
0.143319 -0.28456 0.947885 
-0.417178 0.419052 0.806448 
-0.433508 0.850915 0.296673 
-0.333641 0.926666 0.173126 
-0.497099 0.758293 -0.421764 
-0.675443 0.643312 -0.360454 
-0.578922 0.674871 -0.4576 
-0.646549 0.699734 -0.303885 
-0.635834 0.694761 -0.336188 
-0.553639 0.756639 -0.347824 
-0.41752 0.88021 -0.225628 
-0.468745 0.844116 -0.260281 
-0.460018 0.806253 -0.371939 
-0.524075 0.833475 -0.175115 
-0.512509 0.834242 -0.203406 
-0.594948 0.765111 -0.246257 
-0.734679 0.644463 -0.21193 
-0.667155 0.714242 -0.211573 
-0.491323 0.851701 -0.182228 
-0.530662 0.825103 -0.193915 
-0.440557 0.878365 -0.185433 
-0.229873 0.972069 0.0473364 
-0.425289 0.884488 -0.191859 
0.00827638 -0.950116 -0.311787 
-0.135996 -0.713855 -0.686961 
-0.667992 0.530206 -0.522177 
-0.711074 0.68799 -0.145063 
-0.451674 0.862192 -0.229382 
-0.437992 0.863637 -0.249588 
-0.371845 -0.0538757 -0.92673 
-0.563366 0.330071 -0.757411 
-0.230425 -0.568487 -0.789764 
0.0232768 -0.668605 -0.743253 
0.203096 -0.878726 -0.431965 
0.474603 -0.417112 0.775093 
0.55705 -0.367058 0.744959 
0.33184 0.497211 0.801663 
0.624527 0.602843 0.496535 
0.862549 0.158712 0.480438 
0.596894 -0.341021 0.726238 
0.519154 -0.696316 0.495604 
0.295538 -0.902898 -0.312141 
0.367264 -0.928208 -0.0595532 
0.697132 -0.443277 0.563483 
0.630984 -0.625002 0.459599 
0.569519 -0.482155 0.665714 
0.452508 -0.818107 0.354877 
0.184134 0.744552 0.641667 
-0.231735 -0.579736 -0.781157 
-0.355817 -0.223021 -0.907555 
0.0355973 -0.838778 -0.543309 
0.484264 -0.846924 0.219566 
0.469166 -0.39819 0.788244 
0.459805 -0.767446 0.446772 
0.473767 -0.685345 0.553034 
0.369612 0.793337 0.483739 
0.650684 -0.759315 -0.00711631 
0.38399 -0.918854 0.0908767 
0.420103 -0.907013 0.0289954 
0.376678 -0.925873 0.0295493 
0.43622 -0.892897 0.111563 
0.478721 -0.841909 0.249028 
0.580485 -0.0941305 0.808812 
0.782441 -0.188197 0.593606 
0.781433 -0.512492 0.35597 
0.448635 -0.876759 0.173265 
-0.441302 0.879924 -0.176031 
-0.412341 0.899928 -0.141792 
-0.400074 0.889921 -0.219047 
-0.42475 0.875135 -0.231787 
-0.401285 0.911848 -0.0866167 
-0.287373 0.953832 -0.087301 
0.00973183 0.977866 0.209005 
0.0446399 0.918665 0.392508 
-0.175319 0.906521 0.384034 
0.0366244 -0.852659 -0.521183 
0.413429 -0.887466 0.203669 
0.34676 -0.937914 0.00861759 
0.334912 -0.929809 -0.152608 
-0.339515 0.494889 -0.799884 
0.073486 -0.740495 -0.668032 
-0.38588 0.921939 0.0335501 
-0.432673 0.786414 0.440848 
0.347545 -0.753396 0.558218 
0.289519 -0.896684 0.334868 
0.392794 -0.851985 0.346172 
0.281831 -0.683363 0.673488 
0.429343 -0.64105 0.636176 
0.0582391 -0.173302 0.983145 
-0.516437 0.482325 0.70757 
-0.422188 0.88424 -0.199693 
0.0136406 0.360723 -0.932573 
0.418353 -0.882089 0.216562 
0.453445 -0.829933 0.324961 
0.398564 -0.911698 0.09977 
0.390548 -0.879021 0.273486 
0.00960904 0.289805 0.957037 
-0.138906 0.496593 0.856797 
-0.408805 0.907526 -0.0963116 
-0.394397 0.735839 -0.550447 
-0.460405 0.655487 -0.598635 
-0.0571326 0.99437 -0.0892428 
-0.0746224 0.992214 0.0997186 
-0.270867 0.962515 0.0139679 
0.0399336 0.872761 0.486512 
-0.239965 0.956317 0.166955 
-0.354884 0.92957 -0.0997826 
0.23914 0.183738 0.953442 
0.434786 -0.083587 0.896646 
0.271039 -0.135876 0.95293 
0.411727 -0.372728 0.831598 
0.865304 -0.0895132 -0.493191 
0.873944 -0.0638206 -0.481819 
0.908819 -0.0771088 -0.410004 
0.787042 0.447293 -0.424845 
0.748595 0.654777 -0.104272 
0.487172 0.873296 -0.00426718 
0.788244 0.483131 0.381124 
0.951231 -0.0577127 0.303033 
0.951683 -0.242559 0.188322 
0.899871 -0.408243 0.153524 
0.969879 0.0506304 0.238267 
0.942996 -0.0106768 0.332632 
0.491274 0.77769 0.392234 
-0.0225094 0.999376 0.0272341 
-0.0987037 0.986501 -0.130664 
-0.681083 0.724079 -0.108789 
-0.689564 0.715568 0.111644 
-0.738545 0.674073 -0.0132989 
-0.633169 0.769985 0.0788692 
-0.65685 0.751452 0.0621846 
-0.63909 0.768176 -0.038323 
-0.485881 0.857502 -0.169143 
-0.534549 0.836341 -0.121619 
-0.626182 0.765837 -0.146256 
-0.480953 0.875637 -0.044094 
-0.501324 0.862958 -0.0630617 
-0.566981 0.823399 0.0233878 
-0.582475 0.786076 0.2069 
-0.561212 0.81918 0.118256 
-0.475283 0.876007 -0.0819617 
-0.499612 0.865289 -0.0407783 
-0.459478 0.877561 -0.136989 
-0.170577 0.945256 -0.278197 
-0.459388 0.874775 -0.154051 
-0.16252 -0.918845 0.359598 
-0.588495 -0.772369 0.238998 
-0.817491 0.565535 0.108991 
-0.517558 0.834685 0.18824 
-0.501673 0.854576 -0.134256 
-0.514595 0.844698 -0.147229 
-0.982923 -0.181903 0.0278289 
-0.959336 0.278295 0.0471785 
-0.738664 -0.640316 0.210645 
-0.576475 -0.814031 0.0709187 
-0.196518 -0.971801 0.130324 
0.947144 -0.312201 0.0738159 
0.949801 -0.31166 -0.0273036 
0.801704 0.541713 -0.25262 
0.642781 0.420878 -0.640073 
0.783192 -0.0628593 -0.618594 
0.947169 -0.311031 -0.0782995 
0.749131 -0.656953 0.0849421 
-0.0452291 -0.993351 0.105869 
0.214478 -0.966272 0.14254 
0.856371 -0.490486 -0.161409 
0.756682 -0.651672 -0.0525039 
0.897797 -0.440371 -0.00583547 
0.608999 -0.778249 0.153128 
0.565599 0.770807 -0.293181 
-0.73015 -0.646852 0.220143 
-0.938857 -0.328363 0.103561 
-0.371367 -0.904697 0.208831 
0.504593 -0.857772 0.0980449 
0.954288 -0.289457 0.0744884 
0.688295 -0.70928 0.152227 
0.779748 -0.611403 0.134834 
0.499806 0.683131 -0.532472 
0.365946 -0.917075 -0.158294 
0.355039 -0.918589 0.173613 
0.313956 -0.942124 0.117621 
0.297999 -0.940743 0.161859 
0.393229 -0.911 0.124295 
0.528412 -0.841885 0.109593 
0.984939 -0.0664614 -0.159619 
0.890427 -0.2954 -0.346234 
0.715381 -0.64681 -0.264323 
0.451893 -0.883265 0.125039 
-0.45158 0.882103 -0.134049 
-0.410861 0.898224 -0.156164 
-0.473514 0.860873 -0.186231 
-0.493827 0.854121 -0.163133 
-0.358194 0.921009 -0.1531 
-0.314342 0.911236 -0.266153 
0.0764194 0.903464 -0.421797 
0.262377 0.894878 -0.361043 
0.160552 0.970513 -0.179797 
-0.350142 -0.90984 0.222691 
0.464669 -0.869003 0.170048 
0.266398 -0.945721 0.186127 
0.115151 -0.983343 0.140627 
-0.920784 0.317745 -0.226263 
-0.480464 -0.871877 0.0947882 
-0.245839 0.960483 -0.130522 
0.113544 0.987949 0.105188 
0.737338 -0.617926 0.272949 
0.512907 -0.793647 0.327186 
0.578647 -0.786542 0.215685 
0.803969 -0.495469 0.328853 
0.829707 -0.529747 0.175936 
0.923976 0.131067 0.35929 
0.35016 0.842728 0.408899 
-0.46583 0.870477 -0.15897 
-0.871543 0.0194411 -0.489933 
0.477763 -0.862341 0.167661 
0.583986 -0.798082 0.148411 
0.368385 -0.915749 0.160301 
0.516181 -0.830963 0.207502 
0.825046 0.541386 0.161866 
0.647262 0.748206 0.145739 
-0.369774 0.917271 -0.147924 
-0.749469 0.623757 -0.221863 
-0.811392 0.566274 -0.144834 
-0.221614 0.852947 -0.472619 
-0.0597402 0.916217 -0.396204 
-0.21773 0.943222 -0.25085 
0.349374 0.886158 -0.304406 
-0.0669872 0.972481 -0.223146 
-0.351905 0.913611 -0.203659 
0.934106 0.356037 0.0261451 
0.999404 0.0288855 -0.0189142 
0.98527 0.0671576 0.157269 
0.965376 -0.231107 0.120987 
-0.0577064 -0.576956 -0.814734 
-0.0468633 -0.554718 -0.830718 
0.03389 -0.558047 -0.829117 
-0.0936499 -0.061374 -0.993712 
0.152383 0.231683 -0.960782 
0.103538 0.555827 -0.824825 
0.624202 0.216602 -0.750637 
0.688225 -0.339041 -0.641403 
0.607522 -0.533816 -0.588181 
0.57325 -0.666543 -0.476555 
0.625365 -0.272992 -0.731023 
0.705477 -0.286336 -0.648316 
0.471469 0.593293 -0.652473 
-0.102855 0.879134 -0.465344 
-0.275663 0.850164 -0.448588 
-0.476443 0.864887 0.158026 
-0.281842 0.928797 0.240625 
-0.40989 0.87428 0.260046 
-0.293273 0.94293 0.157713 
-0.316264 0.931338 0.180519 
-0.400543 0.907683 0.125203 
-0.461943 0.882825 -0.0850225 
-0.437947 0.898785 -0.019693 
-0.491176 0.867287 0.0809893 
-0.350112 0.934964 -0.057123 
-0.374399 0.926379 -0.0405845 
-0.320741 0.945269 0.0599228 
-0.158764 0.975783 0.150472 
-0.232812 0.968512 0.0882188 
-0.381614 0.921344 -0.0741347 
-0.353974 0.934568 -0.0358541 
-0.424192 0.899397 -0.105577 
-0.434011 0.798049 -0.418034 
-0.439153 0.891643 -0.110078 
0.35997 -0.616483 0.700264 
0.0508664 -0.355853 0.933157 
-0.32207 0.850198 0.416455 
-0.153166 0.985854 0.0680569 
-0.437233 0.897387 -0.0593603 
-0.454072 0.889518 -0.0507492 
-0.37838 0.247248 0.892019 
-0.404638 0.640631 0.65258 
-0.0549833 -0.190428 0.98016 
-0.089653 -0.449073 0.888986 
0.146033 -0.720259 0.67816 
0.511174 -0.62727 -0.587566 
0.421718 -0.659042 -0.62275 
0.0555902 0.0673668 -0.996178 
-0.345307 -0.0925219 -0.933918 
-0.208551 -0.559476 -0.80218 
0.374871 -0.673109 -0.637492 
0.476233 -0.841738 -0.254319 
0.191956 -0.806193 0.559648 
0.333458 -0.876097 0.348224 
0.282128 -0.81684 -0.503166 
0.355837 -0.882485 -0.307572 
0.433485 -0.742466 -0.510719 
0.491158 -0.869047 -0.0593413 
-0.110032 0.347407 -0.931236 
-0.0421352 -0.196392 0.97962 
-0.273932 0.126432 0.953402 
0.132675 -0.566664 0.813197 
0.406103 -0.912653 0.0463118 
0.511781 -0.610058 -0.604905 
0.516413 -0.841678 -0.157786 
0.528754 -0.799375 -0.285339 
-0.341654 0.224403 -0.912642 
0.121335 -0.987363 0.101946 
0.416304 -0.881944 0.221054 
0.351431 -0.902771 0.247995 
0.38405 -0.881504 0.274693 
0.387887 -0.905706 0.170996 
0.424857 -0.904971 0.0228813 
0.289399 -0.502257 -0.814854 
0.108645 -0.719275 -0.686178 
0.148034 -0.926805 -0.345136 
0.410728 -0.905072 0.110215 
-0.418742 0.901025 -0.113179 
-0.422878 0.891729 -0.161226 
-0.472331 0.875497 -0.102022 
-0.459594 0.884969 -0.0748514 
-0.400036 0.891161 -0.214017 
-0.48116 0.830296 -0.281236 
-0.451013 0.618564 -0.643402 
-0.315507 0.555139 -0.769595 
-0.206028 0.716957 -0.665977 
0.155012 -0.575898 0.802691 
0.454799 -0.884149 0.106955 
0.392797 -0.866112 0.30913 
0.291325 -0.852366 0.434283 
-0.638001 0.574587 0.512645 
-0.020564 -0.531642 0.846719 
-0.335916 0.886823 -0.317339 
0.0274317 0.838189 -0.54469 
0.634646 -0.745404 -0.203957 
0.605883 -0.793091 0.0625469 
0.535177 -0.844666 -0.0111698 
0.699007 -0.649412 -0.299422 
0.577537 -0.736303 -0.352575 
0.703882 -0.148752 -0.694567 
0.4197 0.709644 -0.565913 
-0.445398 0.889181 -0.10477 
-0.816844 0.215721 0.535005 
0.457492 -0.884401 0.0923868 
0.478553 -0.877513 -0.0309423 
0.409977 -0.888807 0.204794 
0.505949 -0.860571 0.0585903 
0.436432 0.184601 -0.880596 
0.32157 0.429542 -0.843852 
-0.399843 0.894206 -0.201298 
-0.595356 0.771123 0.225655 
-0.546395 0.770166 0.329085 
-0.618942 0.679221 -0.394422 
-0.488267 0.692197 -0.531468 
-0.429532 0.823732 -0.370091 
-0.22613 0.530046 -0.817262 
-0.343136 0.796884 -0.497226 
-0.441695 0.8667 -0.231813 
0.384173 -0.0603429 -0.921287 
0.410509 -0.382521 -0.827744 
0.557779 -0.289716 -0.777784 
0.551764 -0.550145 -0.626816 
-0.685519 -0.725039 0.0661938 
-0.69772 -0.715179 0.0413093 
-0.661 -0.750071 -0.0217185 
-0.921894 -0.321172 -0.216703 
-0.820974 -0.157334 -0.548861 
-0.75877 0.18377 -0.624897 
-0.42806 -0.295346 -0.854128 
-0.237103 -0.766584 -0.596767 
-0.201184 -0.885661 -0.418485 
-0.100279 -0.952031 -0.289105 
-0.352031 -0.712017 -0.607541 
-0.242107 -0.7302 -0.638899 
-0.450527 0.121205 -0.884497 
-0.564378 0.656237 -0.500831 
-0.620486 0.705913 -0.341589 
-0.166058 0.986063 0.0101856 
-0.0157958 0.988307 -0.151659 
-0.0471797 0.998773 -0.0150511 
-0.096617 0.979584 -0.176294 
-0.0847527 0.98586 -0.14456 
-0.167713 0.982355 -0.0827678 
-0.379405 0.920919 -0.0892219 
-0.312463 0.945138 -0.0952894 
-0.24159 0.97037 -0.00412759 
-0.312375 0.929477 -0.1962 
-0.307021 0.936946 -0.166945 
-0.196143 0.962603 -0.186879 
-0.0489835 0.951618 -0.303355 
-0.135755 0.955954 -0.260234 
-0.3395 0.925203 -0.169526 
-0.29497 0.937234 -0.18597 
-0.383459 0.913701 -0.134573 
-0.655164 0.734203 -0.178062 
-0.392938 0.911701 -0.119999 
0.854358 -0.460629 0.240609 
0.898457 -0.0401964 0.437217 
0.133743 0.99075 -0.0229709 
-0.121504 0.932663 -0.33967 
-0.347486 0.931442 -0.108025 
-0.345786 0.93426 -0.0871204 
0.605922 0.639266 0.473495 
0.334009 0.915715 0.223392 
0.875459 0.15918 0.456326 
0.80955 -0.0780695 0.581836 
0.754617 -0.471247 0.456596 
-0.230981 -0.927334 -0.294449 
-0.297249 -0.929565 -0.218064 
-0.874909 -0.271129 -0.401277 
-0.973367 -0.228267 0.021235 
-0.74146 -0.645399 0.183568 
-0.328931 -0.927412 -0.178075 
0.0773687 -0.995621 -0.0524723 
0.678423 -0.600269 0.42358 
0.558593 -0.782412 0.27533 
-0.231494 -0.972769 0.0114483 
-0.0172804 -0.998722 0.0474951 
-0.181975 -0.971799 -0.14997 
0.261287 -0.965185 0.0120897 
-0.921522 0.0563529 -0.384217 
0.881156 0.148657 0.44885 
0.719792 0.512193 0.46857 
0.851236 -0.291937 0.436085 
0.324386 -0.935992 0.13672 
-0.247948 -0.918259 -0.308742 
0.18089 -0.982036 -0.0536958 
0.0672084 -0.989773 -0.12583 
-0.990151 0.0500646 -0.130749 
0.262603 -0.86686 0.423785 
0.481305 -0.859933 0.169886 
0.479927 -0.84348 0.241269 
0.515365 -0.830064 0.213053 
0.427123 -0.884374 0.188279 
0.310529 -0.944169 0.110073 
-0.54454 -0.800384 -0.250723 
-0.481838 -0.875163 0.0438317 
-0.135339 -0.964894 0.225083 
0.382773 -0.911551 0.150197 
-0.388172 0.910538 -0.142279 
-0.431772 0.889426 -0.149981 
-0.39822 0.913544 -0.0828121 
-0.369529 0.924956 -0.0889109 
-0.469097 0.863503 -0.185233 
-0.556942 0.82303 -0.111521 
-0.842971 0.516867 -0.149158 
-0.89001 0.368641 -0.268303 
-0.769232 0.496021 -0.402796 
0.852686 -0.312302 0.418802 
0.3961 -0.912438 0.102766 
0.548113 -0.809738 0.209515 
0.614562 -0.718698 0.325248 
0.115893 0.909714 0.398736 
0.811015 -0.191341 0.552849 
-0.533429 0.802128 -0.268412 
-0.574429 0.544045 -0.611593 
0.179115 -0.960814 -0.211552 
0.410378 -0.90849 -0.0789642 
0.320276 -0.947114 -0.0199589 
0.10993 -0.933301 -0.341855 
0.0204941 -0.975703 -0.218135 
-0.300299 -0.62534 -0.720257 
-0.409308 0.269227 -0.87177 
-0.390736 0.913637 -0.112218 
0.100874 0.679416 0.726787 
0.384276 -0.918209 0.0960443 
0.282224 -0.958687 0.0356071 
0.464858 -0.868311 0.173041 
0.372125 -0.92755 0.0342674 
-0.621194 -0.287934 -0.728843 
-0.666919 -0.0188822 -0.744891 
-0.458004 0.869962 -0.182753 
-0.145742 0.973841 0.174338 
-0.0319496 0.985112 0.168922 
-0.699826 0.713334 0.0373953 
-0.767593 0.629791 -0.119015 
-0.61344 0.769229 -0.178825 
-0.891089 0.296437 -0.343634 
-0.686785 0.672149 -0.276662 
-0.500067 0.85371 -0.1453 
-0.65119 -0.490308 -0.579266 
-0.51803 -0.749821 -0.411599 
-0.421002 -0.713591 -0.559951 
-0.257747 -0.889234 -0.377927 
