MODE           Overlap              Correlation

Mode: 9        -0.663942246191      0.236900852193
Mode: 30       -0.235871923574      0.192794743468
Mode: 56       0.159507003696      0.083164362262
Mode: 101      0.157155354273      0.272502734273
Mode: 172      0.156716125374      0.275230637373
Mode: 166      -0.153026188385      0.332283689479
Mode: 189      -0.147803049356      0.372767489438
Mode: 38       -0.13204901279      0.196369524407
Mode: 423      -0.131685652034      0.334715006091
Mode: 76       -0.129977918229      0.296798866026
Mode: 209      -0.116693538285      0.391281995718
Mode: 31       0.110920752587      0.146755058585
Mode: 356      -0.110725992356      0.336247825784
Mode: 850      -0.11061577907      0.0170610688028
Mode: 1198     -0.110102460376      0.163455661741
Mode: 338      -0.102171714004      0.284912456118
Mode: 227      0.0982171111373      0.178692256979
Mode: 46       0.0946264701754      0.202270694454
Mode: 291      0.0938989137535      0.192051246687
Mode: 413      -0.0926275081097      0.172787692899
Mode: 143      0.0916700168635      0.251988096378
Mode: 212      0.0900458024439      0.398329749504
Mode: 257      -0.0883536791562      0.434503064322
Mode: 1056     0.0868673781304      0.210353081915
Mode: 1324     0.0868446084016      0.0954808500884
Mode: 790      -0.0864948307833      0.12594391955
Mode: 1228     -0.0862195612962      0.0972197604044
Mode: 344      0.0853746417279      0.3812724909
Mode: 461      -0.0842833251638      0.0752653766899
Mode: 1295     0.0842777520556      0.208952194153
Mode: 298      0.0830958454496      0.352869347279
Mode: 299      0.0825728117915      0.337860983268
Mode: 1527     -0.0802133739738      0.10411607458
Mode: 311      0.078430064092      0.399993052739
Mode: 1167     0.0775418241047      0.085954674382
Mode: 1361     0.0768988843384      0.186301437946
Mode: 141      -0.0764303490284      0.204198184041
Mode: 1809     -0.0762531278237      0.0647107493883
Mode: 978      0.0756127177978      0.0454824311155
Mode: 204      0.0755006722142      0.342503693386
Mode: 958      0.074320642398      0.166032635417
Mode: 641      0.0735342312881      0.0421522028
Mode: 239      -0.0720000562429      0.243364783434
Mode: 698      0.0717261639212      0.0336473264707
Mode: 25       -0.0715787696532      0.117600731715
Mode: 721      -0.0715551012427      0.0211433356536
Mode: 388      0.0707101227822      0.23306065849
Mode: 385      -0.0706275136315      0.142031491883
Mode: 890      0.0703273764595      0.170738927075
Mode: 109      -0.069526992864      0.160290775128
Mode: 1503     -0.0692664772397      0.130507955555
Mode: 320      -0.0691146628694      0.207224700248
Mode: 686      0.0688682980363      0.257760857409
Mode: 455      0.0679469548949      0.259512085419
Mode: 1288     0.0678504941003      0.331622751165
Mode: 671      0.0677342047573      0.0368697322411
Mode: 1178     -0.0657984629756      0.125372798739
Mode: 783      -0.0656918274492      0.114812637633
Mode: 460      0.065118862858      0.217452746069
Mode: 548      0.0650820376767      0.172508860821
Mode: 1203     0.0649817432016      0.204399151474
Mode: 1672     -0.0647784249712      0.228969480392
Mode: 391      -0.0640348558442      0.206404217712
Mode: 1155     0.0634559098539      0.228376745257
Mode: 414      -0.0634362899521      0.226122035807
Mode: 1146     -0.0634219226845      0.173341767305
Mode: 858      0.0630516665948      0.0521819414573
Mode: 1713     -0.0617619629687      0.0668143847752
Mode: 365      0.061529140193      0.189487628046
Mode: 1101     0.0614625032864      0.282532208141
Mode: 1020     0.0614488175343      0.211758492974
Mode: 1116     0.0613879512406      0.242915029518
Mode: 159      0.0613088650965      0.263887932424
Mode: 753      0.059840309478      0.0385895633911
Mode: 621      0.0596885183196      0.194565480131
Mode: 526      -0.0592282255707      0.0396746248996
Mode: 473      -0.0591683393945      0.174747444482
Mode: 559      -0.0591650945937      0.0633774259246
Mode: 1506     -0.0585840430741      0.193456426201
Mode: 547      0.058475064438      0.10519505078
Mode: 1526     0.0583651333465      0.141005637329
Mode: 963      -0.0581115215963      0.147438587506
Mode: 1636     0.0577348603016      0.135470329063
Mode: 1035     -0.0570315044417      0.136301011571
Mode: 69       0.0570046937887      0.259207937098
Mode: 267      -0.0563063277013      0.265689098655
Mode: 371      -0.0558456942215      0.277613306548
Mode: 1075     0.0556175002288      0.144012975404
Mode: 408      -0.0551635996594      0.158671072515
Mode: 89       -0.0551091119      0.262127127435
Mode: 564      -0.054993429213      0.156454112606
Mode: 438      0.0545058459805      0.217742778138
Mode: 198      0.0542242303275      0.308130888246
Mode: 1231     -0.0539120313961      0.134574324155
Mode: 272      0.0531814529049      0.223601733465
Mode: 936      0.0529795746551      0.0371688537248
Mode: 106      -0.0525979447145      0.161092179171
Mode: 1420     0.0514175214362      0.20566825413
Mode: 279      -0.0512802924028      0.261667223636
Mode: 425      0.0508472728373      0.169966950775
Mode: 68       0.0506226789981      0.220243973499
Mode: 911      0.0500620265163      0.14319190419
Mode: 896      0.0496014699999      0.138848696625
Mode: 1220     0.0494918089426      0.292608426978
Mode: 1586     -0.0492731525219      0.143447258603
Mode: 762      -0.0489574228453      0.104290976599
Mode: 1310     -0.0485430537268      0.282079358231
Mode: 993      -0.0484843056076      0.154725279862
Mode: 1107     0.0480456392701      0.326010685886
Mode: 1104     -0.0474660577435      0.222063664146
Mode: 51       -0.0474608930392      0.147101117441
Mode: 950      -0.0473511400436      0.13848703871
Mode: 646      0.0471098833979      0.0555430759107
Mode: 1626     -0.0467800346019      0.193600425392
Mode: 1740     0.0465043805945      0.144663689912
Mode: 916      -0.0461490237791      0.213697978269
Mode: 1274     -0.0460794472382      0.175539163896
Mode: 431      0.0455499670999      0.148017960163
Mode: 323      0.0454793719889      0.0947324613932
Mode: 177      0.0446044912731      0.291554262594
Mode: 1823     -0.0443411739132      0.0361476036316
Mode: 847      0.044337700133      0.0738148907717
Mode: 1038     0.0441256970983      0.166339389907
Mode: 120      -0.0440130239137      0.0798729866116
Mode: 1197     0.0439540069903      0.204285791526
Mode: 488      -0.0438946055236      0.103741692331
Mode: 1004     -0.0438177787023      0.0229070773068
Mode: 544      0.0436102601033      0.0702908851123
Mode: 992      0.0431934549557      0.203331706588
Mode: 1117     0.0431914368205      0.249621296748
Mode: 1513     -0.0431060688833      0.302508646736
Mode: 1356     0.0430356454128      0.252811602497
Mode: 1429     -0.0429866518564      0.16245099138
Mode: 1751     0.0428555255353      0.223373507645
Mode: 236      -0.0426175033059      0.267725959051
Mode: 1254     -0.0424132317109      0.233728853174
Mode: 1072     0.0423998207952      0.238620364199
Mode: 1230     -0.041434169395      0.101091827561
Mode: 1260     0.0411472465253      0.3826216052
Mode: 184      -0.0411437599549      0.348586672617
Mode: 1737     -0.0407810860337      0.184160139645
Mode: 580      0.0406414553307      0.240381971844
Mode: 402      0.039678783861      0.129575109805
Mode: 1465     0.0391661117702      0.123141271407
Mode: 825      -0.0388170715525      0.167957046641
Mode: 138      0.0387827153023      0.20972930352
Mode: 813      -0.0384539915496      0.164410881484
Mode: 1601     -0.0381363466978      0.30075406857
Mode: 1660     -0.0381349876548      0.259508651506
Mode: 682      0.0377435389089      0.0463516223023
Mode: 254      -0.0375682544947      0.189617180776
Mode: 478      -0.0373072080431      0.136414763762
Mode: 1133     -0.0373019063979      0.0837436603323
Mode: 1234     -0.0367094135335      0.161557615454
Mode: 996      -0.0363253200668      0.0251730390757
Mode: 768      0.0363038524389      0.085972005477
Mode: 893      -0.036303212524      0.0888118135593
Mode: 124      -0.0358532958608      0.185619287842
Mode: 752      -0.0357599118326      0.047113472118
Mode: 1202     -0.0355757641433      0.189788323809
Mode: 1410     0.0355582003324      0.221485597113
Mode: 740      0.0355181337876      0.0726684672114
Mode: 1423     0.035499865436      0.206342365807
Mode: 509      -0.0351441810882      0.184053841413
Mode: 703      0.0347421887088      0.194976280981
Mode: 394      0.0342448996604      0.211850667121
Mode: 972      -0.0339147383226      0.163216097474
Mode: 1344     -0.0338925485649      0.33091093401
Mode: 364      0.0336655656348      0.220856326091
Mode: 1732     0.0334451696413      0.318670897885
Mode: 1057     -0.0334295558799      0.241048309934
Mode: 663      -0.0332102828536      0.0375121559684
Mode: 129      0.0326295006108      0.155337705548
Mode: 426      0.0325915258314      0.159643321173
Mode: 610      -0.0325866477026      0.100895463873
Mode: 602      -0.0325507848255      0.208413805313
Mode: 1750     0.0323645696992      0.183548805149
Mode: 1025     0.0323592333265      0.196865191968
Mode: 1706     -0.0322224015077      0.245256782567
Mode: 1594     0.0320559293698      0.2411912621
Mode: 79       0.0320557696438      0.212793552548
Mode: 694      0.0319610367545      0.0455665352758
Mode: 979      0.0318752300315      0.28586791673
Mode: 343      0.031675244525      0.35155931461
Mode: 1705     0.0315458303058      0.1670975493
Mode: 773      0.0314331675921      0.123559169148
Mode: 1702     0.0312037822676      0.167715853354
Mode: 1566     0.0310684152182      0.298711364461
Mode: 1431     0.0307799295985      0.145285013434
Mode: 1446     -0.0307529026331      0.22746483185
Mode: 1304     0.0306400533147      0.156391243728
Mode: 649      0.0306293957071      0.0814624647828
Mode: 923      -0.0303562376164      0.146804613331
Mode: 611      -0.030319973985      0.0677247953948
Mode: 599      -0.0300987350313      0.0518005090646
Mode: 1407     -0.0300955374677      0.272190995857
Mode: 1289     -0.0299942051182      0.160280483358
Mode: 1797     0.0296952247474      0.206979558981
Mode: 1422     -0.029609773196      0.196360480277
Mode: 1078     0.0292068061627      0.0344807103288
Mode: 1539     -0.0291924430764      0.262690861587
Mode: 199      -0.0291890778925      0.345977284284
Mode: 928      0.0290330370632      0.138915182388
Mode: 1309     0.0290259531248      0.235009502359
Mode: 589      -0.0289235683813      0.0824710453774
Mode: 1778     0.0287119339456      0.183773766053
Mode: 1375     -0.0286688612196      0.312658496607
Mode: 1785     -0.0284521490889      0.171041799669
Mode: 149      -0.0284306986486      0.191142166283
Mode: 504      0.0283280096964      0.0976390985003
Mode: 1209     -0.0282376287199      0.339017473831
Mode: 1480     -0.027811423955      0.286267020358
Mode: 192      -0.0277170196024      0.279941509412
Mode: 1354     -0.0275238527669      0.0502710211312
Mode: 674      0.0273128843535      0.0685214875848
Mode: 1296     0.0272507468056      0.178776795934
Mode: 1170     0.0271551507871      0.145083298977
Mode: 882      -0.0267197571409      0.135307747215
Mode: 808      -0.0265790142245      0.0204662039872
Mode: 1182     -0.0265516158021      0.250402473066
Mode: 1560     -0.0265381385449      0.145199200567
Mode: 556      0.0264805292703      0.132085486539
Mode: 745      0.026343454147      0.0841548349247
Mode: 807      0.0260728613955      0.0328275417543
Mode: 1193     0.0258943947897      0.263102002438
Mode: 864      -0.0258934388126      0.167795787732
Mode: 1188     0.025886784079      0.2391647499
Mode: 1741     -0.0257956281051      0.164237377097
Mode: 1577     -0.0256696206601      0.230438744819
Mode: 1438     -0.0255993963433      0.198355540329
Mode: 1219     0.0254466052926      0.219032496321
Mode: 910      0.025118067219      0.119363659025
Mode: 579      -0.0250607507714      0.0433072309165
Mode: 820      -0.0248538894055      0.170484097514
Mode: 1571     0.0248232210886      0.170312674403
Mode: 221      0.0247299101235      0.157171010655
Mode: 368      0.0244787481839      0.22210277397
Mode: 730      -0.0242866856747      0.0520950981327
Mode: 1611     -0.024253405395      0.240995052793
Mode: 666      0.024252973219      0.0770027340112
Mode: 640      -0.0237617771355      0.090061579831
Mode: 1652     0.0236782786924      0.222820085775
Mode: 742      0.0235299932388      0.0129878402441
Mode: 1428     -0.0234483931107      0.140532690949
Mode: 1766     0.0232711899395      0.198576410226
Mode: 18       -0.0232375264168      0.0888335667497
Mode: 286      -0.0232048294839      0.389947964044
Mode: 1761     0.0231859666416      0.198077260344
Mode: 1364     0.0231359525253      0.0684515825052
Mode: 258      -0.023126250314      0.348795440002
Mode: 763      0.0229733495712      0.0208071647105
Mode: 1687     0.022954639624      0.350996424739
Mode: 521      0.0228982135059      0.0120746545981
Mode: 1459     -0.0224437789671      0.144694932851
Mode: 1578     0.0221145973919      0.241066050362
Mode: 968      -0.0219289886293      0.212295694479
Mode: 617      0.0217337210569      0.0305140855118
Mode: 618      -0.0213513189131      0.01861008385
Mode: 1132     -0.0212667567334      0.286757642544
Mode: 1161     -0.0211669533831      0.198376358306
Mode: 447      -0.0210896524667      0.21632245517
Mode: 1096     0.0208882728166      0.342355931079
Mode: 716      0.0208550871356      0.0243863925857
Mode: 1265     0.0208547851012      0.271513074566
Mode: 1322     -0.0206578087711      0.246242426831
Mode: 1162     -0.0205526645351      0.240185666029
Mode: 1498     0.0205406289581      0.258492410189
Mode: 1244     -0.020471454266      0.26377891931
Mode: 533      -0.0202301719771      0.151744627027
Mode: 1181     -0.0200561086436      0.265403313658
Mode: 1312     -0.0200018241821      0.31622363241
Mode: 393      -0.0198931860584      0.215611571223
Mode: 906      -0.0197237297107      0.15985305373
Mode: 1384     0.0196698169402      0.198173332473
Mode: 1395     0.0196530432126      0.282511229102
Mode: 695      -0.019592483549      0.0199587984907
Mode: 574      0.0195540986997      0.215396300716
Mode: 907      0.0195498175465      0.144659144281
Mode: 645      0.019346001349      0.0902494550225
Mode: 1445     -0.019296229505      0.213345481233
Mode: 1447     0.0192887902158      0.239102546534
Mode: 1535     0.0190828977442      0.169615003202
Mode: 1192     0.0190481797938      0.174347130769
Mode: 1374     -0.0186945754051      0.153834544109
Mode: 59       -0.0184565936825      0.272312805903
Mode: 683      0.0184526113665      0.0827986718223
Mode: 750      -0.0183136001625      0.0870758602564
Mode: 1532     0.0182791793569      0.285212886622
Mode: 1245     0.0182278045731      0.240560543075
Mode: 1345     0.0180979647442      0.222263995397
Mode: 1704     -0.0180058550881      0.123989057983
Mode: 953      0.0178551718345      0.126982487796
Mode: 1302     0.0178523829054      0.201594981173
Mode: 1287     -0.0177194187084      0.192015774264
Mode: 870      -0.0174788564914      0.171769499623
Mode: 859      0.0174176869257      0.0972326844814
Mode: 1285     -0.0173145436721      0.183695027339
Mode: 1348     0.017126141088      0.233954144027
Mode: 273      0.0170948409379      0.336516923745
Mode: 1419     0.0168739818287      0.250361377995
Mode: 702      -0.0168691581533      0.0892437531893
Mode: 1045     0.0168588864809      0.345946162855
Mode: 1546     0.016788500363      0.256653428926
Mode: 846      0.0167455043935      0.0248428227303
Mode: 795      -0.0166415427884      0.0938060081361
Mode: 1693     -0.0165511097237      0.192086132894
Mode: 372      -0.0165365742456      0.344526818055
Mode: 483      -0.0162547737018      0.160483718362
Mode: 1661     -0.0162128709634      0.399361229933
Mode: 1184     -0.0160456533517      0.276013356431
Mode: 1639     0.0158213740043      0.160877624098
Mode: 1264     -0.0157545540445      0.223541853128
Mode: 1614     0.0156805756298      0.216162296745
Mode: 1350     0.0156463752653      0.234737470692
Mode: 1337     0.0156165796577      0.261675343457
Mode: 325      -0.0155993225642      0.159551937569
Mode: 1003     0.0155300999507      0.052681372697
Mode: 776      -0.0154154531751      0.0904355784322
Mode: 1512     -0.0153744571109      0.231642529416
Mode: 229      -0.0153634966335      0.309681094744
Mode: 543      -0.0153441882181      0.202117216533
Mode: 710      0.0152653961948      0.0623471641015
Mode: 1320     -0.0152444962854      0.226751110828
Mode: 1682     0.0152147306147      0.382764720589
Mode: 608      -0.0152125762023      0.0971153680217
Mode: 1342     0.0151773847498      0.146632809384
Mode: 1591     0.0151622955482      0.260240799185
Mode: 293      0.0151375454966      0.237750861225
Mode: 1346     0.0150770431859      0.208317092954
Mode: 877      0.0150362385127      0.0347274368351
Mode: 1081     -0.0148726701821      0.219646613492
Mode: 501      0.0147124418658      0.279710841127
Mode: 1273     -0.0146947722275      0.265388803009
Mode: 1460     0.0145325575289      0.127455040609
Mode: 1227     -0.0144382003926      0.150429469907
Mode: 1334     -0.0144195798104      0.25757201421
Mode: 1788     0.0143134550166      0.103354669661
Mode: 1106     0.014301806345      0.293153802802
Mode: 1791     -0.0142581407307      0.18879325612
Mode: 39       0.0142204395887      0.217947488042
Mode: 1603     -0.0142035190092      0.23514505274
Mode: 518      0.0140067332638      0.0831129399369
Mode: 643      -0.0139626590539      0.104407062924
Mode: 1502     0.0137010483119      0.181156724541
Mode: 918      0.0134696091225      0.168662737382
Mode: 792      -0.0134289718119      0.031124519804
Mode: 1147     -0.0133083538714      0.208504991215
Mode: 437      -0.0131439949623      0.0955964115732
Mode: 1561     0.0131071436307      0.305618674667
Mode: 1462     -0.0130650998453      0.173891963994
Mode: 146      -0.013021646872      0.306254557208
Mode: 915      0.0128400522      0.0795099968128
Mode: 1720     -0.0128213493733      0.178072147384
Mode: 1808     -0.0127630768935      0.117135605256
Mode: 957      -0.0125675845041      0.0738559265294
Mode: 1298     0.0125174685065      0.247689299071
Mode: 1129     0.0125020277064      0.362224744703
Mode: 493      -0.0123749735445      0.1345310269
Mode: 1098     -0.0121703660154      0.30404687091
Mode: 558      0.012121688107      0.0816441473693
Mode: 1293     0.0120023574936      0.288810990278
Mode: 1037     -0.0118509442593      0.181523432826
Mode: 780      -0.0118354948579      0.0397469186757
Mode: 123      0.0118280878513      0.0387194532888
Mode: 1771     0.0117711126668      0.196736040402
Mode: 1690     0.0117335096377      0.175647675657
Mode: 629      -0.0115691035007      0.0270984689034
Mode: 1695     -0.0115180254618      0.206763967597
Mode: 494      -0.0114259509858      0.0776311986463
Mode: 403      0.0114054208272      0.0992767264748
Mode: 351      0.0112673996922      0.208108228888
Mode: 829      -0.0110503422028      0.0472952180094
Mode: 685      0.0108592474534      0.0587384710366
Mode: 253      -0.0108145472485      0.31889860522
Mode: 1531     -0.0107978720606      0.289204358775
Mode: 1818     0.0107780244602      0.0953665477622
Mode: 1236     0.0107478629005      0.259417986854
Mode: 1760     -0.0107154208253      0.351902562508
Mode: 852      0.0105162060277      0.195546745762
Mode: 142      0.0104903720797      0.0922602455909
Mode: 1059     -0.0103442695423      0.242457203576
Mode: 191      -0.0102453740165      0.272017499262
Mode: 346      0.0101824560942      0.240294742431
Mode: 1437     -0.0101308285056      0.106306032903
Mode: 707      0.0101112899211      0.0568430791262
Mode: 511      0.00976890259979      0.102350828469
Mode: 463      -0.00974162828895      0.140105265248
Mode: 1338     -0.00955765965622      0.218079295241
Mode: 161      -0.00955301438099      0.223106948569
Mode: 884      0.00951428565543      0.13078146854
Mode: 1255     -0.00948783289493      0.287003419139
Mode: 639      0.00947052181441      0.0628775828037
Mode: 1157     -0.00945647698137      0.185456506332
Mode: 363      0.00943160154989      0.23582289571
Mode: 224      0.00936382623733      0.256987001173
Mode: 1080     -0.00924482596436      0.20934351254
Mode: 939      0.00920899885803      0.0778862866464
Mode: 168      0.00915794497872      0.186063982185
Mode: 789      0.00901750007773      0.0392950340085
Mode: 772      0.00899482877745      0.0773713087837
Mode: 1051     0.00873421099276      0.210025263767
Mode: 503      -0.00871088068163      0.179363352809
Mode: 550      0.00860355495335      0.151317142366
Mode: 532      -0.008583736257      0.128619822546
Mode: 1052     -0.00839408828035      0.219714566279
Mode: 1479     0.00837712816866      0.130441099349
Mode: 867      0.00836609883728      0.0218134448688
Mode: 174      -0.00829138189361      0.337141282464
Mode: 1388     -0.00827756801192      0.243799271789
Mode: 1015     -0.00820970288487      0.0875114081234
Mode: 1366     0.00816338008768      0.279730439785
Mode: 1616     0.00814086404505      0.174830652618
Mode: 1464     -0.00809812936186      0.221768253893
Mode: 477      -0.0080704200189      0.241401654513
Mode: 278      0.00805913050333      0.112132620789
Mode: 761      -0.00805023398658      0.0705038366142
Mode: 387      0.00800074726811      0.128225801129
Mode: 680      -0.00799591140323      0.161230733691
Mode: 1217     0.00792127489407      0.127012678607
Mode: 1022     -0.00789354669882      0.181990993458
Mode: 1579     -0.00768725189723      0.323645220292
Mode: 749      -0.0076784511628      0.0303257220293
Mode: 1017     -0.00766931033191      0.149391497123
Mode: 628      0.00766146715532      0.04013456065
Mode: 824      -0.00766006553952      0.114780095505
Mode: 1708     0.00762133772886      0.213011656825
Mode: 1557     0.00746697635347      0.234298362523
Mode: 1426     0.00743727560056      0.146599534989
Mode: 885      0.00742876131088      0.142565567845
Mode: 407      -0.00738005027901      0.0995148674061
Mode: 1753     -0.00733342420556      0.224010424088
Mode: 1278     -0.00729010671931      0.251157439627
Mode: 158      0.00727207700588      0.25439882614
Mode: 1173     0.00724726373708      0.120025982943
Mode: 1360     0.00724190998797      0.214458757791
Mode: 1679     -0.00720227830825      0.199350686453
Mode: 849      -0.00719935632092      0.0778817600639
Mode: 895      0.00718677726425      0.130427601919
Mode: 1792     -0.00717578013328      0.306089827151
Mode: 654      -0.00714018206088      0.156288810064
Mode: 1305     -0.00713671426903      0.274219306918
Mode: 1655     -0.00711542479041      0.345103917094
Mode: 1625     -0.00706230723019      0.176822156344
Mode: 613      0.007049506068      0.109698549291
Mode: 1071     -0.00701020819423      0.263842499908
Mode: 909      0.00697164891872      0.225018802306
Mode: 1352     -0.00696729003358      0.125599112934
Mode: 831      -0.00689504960928      0.0189887008134
Mode: 1284     0.0068832449272      0.222549956193
Mode: 1335     -0.00680875856514      0.215929790088
Mode: 1270     -0.00678107484096      0.193227407186
Mode: 876      0.00673354134298      0.0788716799587
Mode: 1723     -0.00670977569035      0.288179094276
Mode: 1177     0.00664381621022      0.212578921626
Mode: 827      -0.00663787558672      0.0529567018064
Mode: 1585     -0.00658243377281      0.192226281281
Mode: 1195     0.00654676236535      0.159404383518
Mode: 1066     -0.00648257601885      0.304247619455
Mode: 557      -0.00648228867878      0.136996827745
Mode: 1242     -0.00646949997813      0.230873281512
Mode: 588      0.00645587908921      0.133584563115
Mode: 673      0.00634548525282      0.199462376175
Mode: 653      0.00628681344318      0.157979645716
Mode: 1271     -0.00628232237232      0.253557538885
Mode: 794      0.0062698616187      0.100780749788
Mode: 1458     0.00625552361315      0.0972623084864
Mode: 390      0.00623407420319      0.137552943384
Mode: 1224     -0.00623372642476      0.189877417855
Mode: 1315     0.00619753454941      0.245468299905
Mode: 973      0.00615496545086      0.189809972473
Mode: 1657     -0.00615318689623      0.296427890345
Mode: 1019     -0.00610243530684      0.109621962559
Mode: 500      0.00607004988192      0.188092314807
Mode: 573      0.00601490228018      0.288917599573
Mode: 1205     -0.005974771251      0.179283570636
Mode: 718      -0.00590988490902      0.00488585781627
Mode: 759      -0.00589429410593      0.0231051780719
Mode: 798      -0.00587663626957      0.109678334185
Mode: 1684     -0.00584443687003      0.367160633169
Mode: 528      -0.00578808998912      0.191263529535
Mode: 1190     -0.00571497005291      0.199347832158
Mode: 998      0.00568503710515      0.119545305929
Mode: 1449     0.00566293490116      0.216165306022
Mode: 1225     -0.00565618280516      0.20823456117
Mode: 384      0.00565094844765      0.164644411464
Mode: 604      -0.00561554712348      0.0489853295645
Mode: 525      -0.00558572746801      0.0645471072423
Mode: 1169     0.00553633767964      0.0826546673622
Mode: 804      -0.00552331785904      0.0919271429246
Mode: 1200     -0.00542997221043      0.201878394375
Mode: 1451     0.00541890652557      0.230716362395
Mode: 1240     0.00537448695207      0.268890729999
Mode: 563      -0.00533163668801      0.0547251386004
Mode: 1440     -0.00530199367279      0.241155478772
Mode: 1138     0.00523392634799      0.26870867122
Mode: 887      0.00521761043976      0.111004769001
Mode: 1654     -0.00516911318688      0.215505047648
Mode: 1149     0.00513665321498      0.238615211527
Mode: 627      0.00512067934393      0.0275610837885
Mode: 955      0.00510287197607      0.0428300121622
Mode: 151      -0.00502616210806      0.223247302882
Mode: 1355     -0.00501044235098      0.200242698274
Mode: 1590     -0.00499575769593      0.236660304272
Mode: 1368     -0.0049819585645      0.234789344442
Mode: 705      0.00497827145213      0.0318232541452
Mode: 606      -0.00496632695627      0.105970611339
Mode: 1257     -0.00495270206708      0.2191510389
Mode: 176      0.00489084178434      0.307479509038
Mode: 428      0.00488153954631      0.212837611587
Mode: 678      -0.00487942732138      0.171518012512
Mode: 1494     -0.00483199992826      0.271487151167
Mode: 1467     0.00481783093982      0.209442126537
Mode: 1548     0.00480250891396      0.241702828852
Mode: 84       0.00479437125137      0.284917949834
Mode: 922      0.00477942801859      0.112815802674
Mode: 1739     -0.00474645616139      0.260336741754
Mode: 1008     -0.00474120956699      0.159124609939
Mode: 1674     0.00461670787228      0.238553836226
Mode: 806      0.00460378469123      0.054198256975
Mode: 1386     -0.00457345277428      0.233288797389
Mode: 1186     -0.0045685169711      0.145048115255
Mode: 326      -0.0045515443025      0.209414314014
Mode: 977      -0.00453419426846      0.123808867935
Mode: 631      -0.00453293376836      0.180803589913
Mode: 1583     0.0045233815314      0.186711544353
Mode: 1006     -0.00449711229984      0.0548824620509
Mode: 700      -0.0044740652567      0.0442234327441
Mode: 1276     -0.00444098356827      0.21534176365
Mode: 1588     0.00444033895288      0.159828983343
Mode: 797      0.00442337858023      0.0012682501371
Mode: 1002     0.00441803273687      0.0763204617031
Mode: 883      0.00439627303232      0.126137983473
Mode: 1300     -0.00439009397939      0.298358443871
Mode: 1731     -0.00436405963865      0.111193050107
Mode: 1727     0.0043148267427      0.21092222283
Mode: 656      0.00429178813037      0.0428614432875
Mode: 1215     -0.00428798713123      0.153621562054
Mode: 835      -0.00427712803433      0.137396112711
Mode: 601      -0.00425521327418      0.0708971879328
Mode: 1314     0.00423758893423      0.230709291334
Mode: 1159     0.0042239056654      0.189314606837
Mode: 226      -0.00420856616164      0.23095086959
Mode: 572      0.00418206836902      0.146924513131
Mode: 1406     0.00418136048373      0.257655157273
Mode: 1484     0.00412580624745      0.0864487423805
Mode: 841      -0.00410533747191      0.0361588463897
Mode: 1529     0.00407449870835      0.287127816952
Mode: 651      -0.00407219432586      0.105299206683
Mode: 1307     0.00404010698906      0.255653037152
Mode: 938      -0.00397335207267      0.0690129232467
Mode: 539      0.00396326417544      0.123407437955
Mode: 1573     -0.0039581503614      0.264769493459
Mode: 727      -0.00395811107812      0.128439378487
Mode: 561      -0.00395606081534      0.164396986027
Mode: 297      0.00394417023348      0.232526435294
Mode: 785      0.00390236424306      0.00111918868393
Mode: 358      0.00387930281051      0.249828935677
Mode: 214      0.00387463449789      0.163298494251
Mode: 382      0.00386711262615      0.210321713343
Mode: 832      0.00386153574973      0.102313437658
Mode: 1505     -0.00384512685127      0.212734262253
Mode: 1433     0.00381828407852      0.263260496346
Mode: 925      -0.00379498248233      0.183403375344
Mode: 211      0.00377158187831      0.376401259315
Mode: 490      0.00375311461421      0.256574538204
Mode: 1363     -0.0037238968423      0.202572565884
Mode: 1269     -0.0037106534895      0.195407370756
Mode: 1398     0.00370896741698      0.246659215979
Mode: 775      0.00370815810264      0.0953162764516
Mode: 725      -0.00369513204509      0.0715059131665
Mode: 1455     -0.00367456314871      0.193810320601
Mode: 520      -0.00366137768667      0.146135433945
Mode: 1211     -0.00363267120371      0.338683097184
Mode: 1608     0.0036125122023      0.294786759831
Mode: 517      -0.00360439679743      0.0712452236371
Mode: 308      0.00355989035588      0.398595917245
Mode: 1453     0.00353580895788      0.147289903331
Mode: 1262     0.0035115927962      0.293141108949
Mode: 1409     -0.00349477111946      0.290547660919
Mode: 1074     -0.00345239942545      0.1755167686
Mode: 1180     0.00344357092741      0.112171518269
Mode: 633      -0.0034212270145      0.153258340715
Mode: 670      -0.0034197373928      0.192263451175
Mode: 515      -0.00340280063521      0.0287122888184
Mode: 459      -0.00340266090645      0.122851187126
Mode: 1676     0.00338347875066      0.264666193013
Mode: 266      0.0033693966039      0.247169818232
Mode: 1469     0.00334862523583      0.181300357414
Mode: 449      -0.00333579586106      0.117607597493
Mode: 1327     0.0032861187875      0.316786342426
Mode: 623      0.00327414339682      0.0621338328935
Mode: 1671     0.00327394462954      0.301974133049
Mode: 1457     -0.00326895847612      0.166693913196
Mode: 1736     0.00324263123004      0.274777623145
Mode: 492      0.00317104526896      0.210295826279
Mode: 787      -0.00316623957084      0.00562348125742
Mode: 1210     -0.00316339626071      0.289624524873
Mode: 1412     0.00312582079744      0.248003147488
Mode: 952      0.00311814864897      0.129303791347
Mode: 660      -0.00306427333613      0.0351706609178
Mode: 1154     -0.00305990713165      0.278210532525
Mode: 1692     -0.00305294386903      0.252897495592
Mode: 930      -0.00303444836815      0.169611455273
Mode: 348      0.00300897304615      0.302164966133
Mode: 1394     -0.0030068982231      0.242394491856
Mode: 1014     0.00299669191704      0.131664030908
Mode: 1150     -0.00299647847363      0.311146339403
Mode: 1581     0.00299200308521      0.264521198865
Mode: 1095     -0.00297117525147      0.309475720726
Mode: 1109     -0.00296522456631      0.257385726912
Mode: 256      -0.00292774957362      0.172022127684
Mode: 615      0.00291451792215      0.0845057057325
Mode: 340      0.00289649429038      0.223085130627
Mode: 179      0.00288999359101      0.255238897181
Mode: 1377     0.00286598535682      0.201853436955
Mode: 861      -0.00286361629389      0.131098111456
Mode: 819      0.00284310741531      0.0377981877368
Mode: 658      0.00284251569191      0.206815294702
Mode: 251      -0.00283980360327      0.231390779997
Mode: 1565     -0.00283023585879      0.177308907983
Mode: 755      -0.00282442327326      0.0435088918685
Mode: 194      -0.00281827536979      0.277025657342
Mode: 541      0.00280014059766      0.158521878534
Mode: 188      -0.00276795009199      0.288578486039
Mode: 1552     0.00275158483755      0.31444177876
Mode: 1485     -0.00274083456805      0.167571109893
Mode: 1329     0.00273074022449      0.286224295484
Mode: 802      -0.00268448967537      0.0226877511121
Mode: 1332     -0.00267811894409      0.276258872856
Mode: 904      0.00267784295663      0.110678921992
Mode: 1482     0.00267459095833      0.202691865385
Mode: 697      -0.00267320458019      0.0995735751621
Mode: 1396     -0.00266322739376      0.256653706619
Mode: 1441     -0.00266299138221      0.137540031131
Mode: 410      0.0026558005456      0.209722020316
Mode: 1575     -0.00265530076116      0.227044821447
Mode: 927      -0.00265221205756      0.117333046729
Mode: 281      -0.00261636258606      0.270451640262
Mode: 692      0.00261547300063      0.102727015581
Mode: 1755     0.00259480080252      0.252379890101
Mode: 837      -0.00255693320646      0.136696922683
Mode: 898      -0.00255123662504      0.15513650329
Mode: 1729     -0.00255013043801      0.227808766515
Mode: 1745     0.00250648608161      0.228995557824
Mode: 568      0.00249987295704      0.134414542191
Mode: 975      0.0024924476795      0.165305467323
Mode: 333      -0.00248387909484      0.287819952657
Mode: 290      0.00246224949753      0.306223929442
Mode: 1443     0.00246177400185      0.161129245304
Mode: 37       -0.00245982494137      0.0896610329729
Mode: 739      0.00244266018316      0.0746011494262
Mode: 1110     0.00243511464875      0.210747994884
Mode: 1510     -0.00242541972481      0.14340061632
Mode: 1238     0.00240871833871      0.288546121852
Mode: 1049     -0.00240602243087      0.179392811367
Mode: 591      0.00240253224391      0.0722862986316
Mode: 450      0.00240115731822      0.123977862971
Mode: 810      -0.00239168778248      0.00252530711031
Mode: 676      -0.00237258288487      0.0872502740023
Mode: 243      -0.00236461554615      0.259017231174
Mode: 1563     0.00233305239523      0.319341682145
Mode: 1207     0.00232140620675      0.193593971459
Mode: 487      0.00231452386967      0.142761220777
Mode: 566      0.00230610958709      0.0854036338791
Mode: 103      -0.00228561953623      0.207666301402
Mode: 513      -0.00227948436372      0.134175993563
Mode: 1435     -0.00225924185429      0.165198616312
Mode: 435      -0.00225103504484      0.182082206923
Mode: 319      0.00224804037636      0.415013802274
Mode: 1541     0.00223498911929      0.274574744945
Mode: 1607     -0.00223418330567      0.29916937233
Mode: 1042     0.00223094976773      0.212495382597
Mode: 1120     0.0022283881268      0.297252083135
Mode: 1500     0.00221250723307      0.106798223333
Mode: 496      -0.00220159450119      0.0722290196472
Mode: 1508     0.00219585994132      0.200234928332
Mode: 1390     0.00218949835151      0.225065393991
Mode: 637      0.00218686995679      0.0653067253226
Mode: 782      0.00217021087234      0.0652380049486
Mode: 1536     0.00215822629941      0.227302273109
Mode: 662      -0.00215803848155      0.122233354375
Mode: 723      -0.00214872752506      0.0507912733142
Mode: 1233     -0.00213901469522      0.275949618921
Mode: 995      0.00213473392574      0.120390921734
Mode: 398      0.00213254075274      0.192234876298
Mode: 1734     -0.00209071238143      0.169228298594
Mode: 913      -0.00204928057916      0.132392651163
Mode: 1175     0.00204562909575      0.18723953299
Mode: 1291     0.00204439967303      0.103025007255
Mode: 422      0.00201097072312      0.228143209776
Mode: 665      0.00200953150926      0.0827212636143
Mode: 582      -0.00199148894431      0.138895952735
Mode: 1065     0.00198196952175      0.214721961379
Mode: 1027     -0.00198143783997      0.204358930201
Mode: 902      0.00196672415264      0.169436225163
Mode: 1719     -0.00196493738262      0.0887317985195
Mode: 1747     -0.00195355497627      0.307336879279
Mode: 869      0.00194008370531      0.138725971312
Mode: 350      0.00193128569771      0.285013464705
Mode: 1495     0.00191630123191      0.15200083629
Mode: 1605     0.00191294000731      0.283627992511
Mode: 965      0.00190703276124      0.153612805607
Mode: 856      -0.00190479869789      0.0789905085543
Mode: 1424     0.00189857181181      0.171731774463
Mode: 1784     0.00189386932662      0.171334937064
Mode: 1710     -0.00189360983676      0.214903240911
Mode: 863      0.00188767199967      0.138441398371
Mode: 1172     -0.00187424687029      0.213624651912
Mode: 1280     -0.00182498316636      0.181155877785
Mode: 1622     -0.0018085290513      0.290009206652
Mode: 720      -0.00177786044732      0.021490230098
Mode: 1032     0.0017699618459      0.2290387121
Mode: 1131     -0.00173744324958      0.255710693235
Mode: 593      0.00173684963416      0.107834700063
Mode: 1525     0.00172528859336      0.198558752832
Mode: 729      -0.00171555839503      0.0662946614898
Mode: 462      -0.00171453954127      0.133700142928
Mode: 1543     -0.00171382941025      0.254291866762
Mode: 991      -0.00166283985562      0.102246068949
Mode: 872      0.00165879100964      0.111034235783
Mode: 506      0.00165403851704      0.191900644348
Mode: 1743     0.00165130653738      0.21033335508
Mode: 945      0.00164614520244      0.100228814036
Mode: 1413     0.00164296420076      0.205206057572
Mode: 1061     0.00162782416838      0.276395038448
Mode: 635      0.00162627620974      0.0236456522186
Mode: 1538     0.00162082723592      0.173171372469
Mode: 24       -0.00159472998831      0.107244191938
Mode: 570      -0.0015930272573      0.162170660516
Mode: 475      -0.00158578851601      0.217106157904
Mode: 100      0.00158266355495      0.287809041494
Mode: 1371     -0.0015655775174      0.269998805038
Mode: 1618     -0.00155364670331      0.268085179296
Mode: 1392     -0.00155218745382      0.20608970184
Mode: 433      0.00154525636817      0.315043679295
Mode: 800      0.00154273599367      0.0270453585142
Mode: 967      -0.00152486149598      0.146158805286
Mode: 715      -0.00152381471312      0.0919672066888
Mode: 1486     0.00151612144543      0.0203565347836
Mode: 1678     -0.00151168155414      0.29110348177
Mode: 845      -0.00150680859741      0.0446792842487
Mode: 241      0.00149895891519      0.265374841719
Mode: 932      -0.00149694121124      0.131097171369
Mode: 1749     0.00149521583785      0.274784098529
Mode: 1701     0.0014739449037      0.215742195648
Mode: 1628     0.00147387691595      0.205847042687
Mode: 620      -0.00147152976372      0.0758503199485
Mode: 920      0.0014682092899      0.0552420920128
Mode: 822      -0.00146417886895      0.168647087874
Mode: 586      -0.00146135577788      0.0974641451002
Mode: 843      -0.00144844131601      0.0811554361358
Mode: 249      0.00144157446596      0.304938810061
Mode: 165      0.00144150190272      0.244929040898
Mode: 396      -0.00143629612876      0.318246949732
Mode: 1010     0.00143512838433      0.119879220493
Mode: 1780     -0.00141426525601      0.130538324744
Mode: 714      0.00140668210233      0.0578607753601
Mode: 1689     -0.00140189627109      0.126883091535
Mode: 1021     -0.00140167596287      0.185570712038
Mode: 400      -0.00139643471003      0.206849268221
Mode: 389      0.00139515105472      0.139102625082
Mode: 1638     0.00138656675612      0.263259001219
Mode: 554      -0.001385431768      0.12609343753
Mode: 412      -0.00138057427796      0.214634836038
Mode: 1550     -0.00137834751296      0.235726012587
Mode: 1631     -0.00136434426687      0.132574016327
Mode: 770      0.00135706623107      0.0157631372681
Mode: 1085     -0.00135256052992      0.24878141
Mode: 854      0.00135037262555      0.106330550628
Mode: 1633     0.00132990799129      0.129981399307
Mode: 1119     0.0013223696179      0.294673490372
Mode: 216      0.00131824712054      0.292685932076
Mode: 546      0.00130991071213      0.149270340394
Mode: 170      0.00129782940701      0.222314037744
Mode: 1523     0.00128445916453      0.231265191969
Mode: 1259     0.00127855500547      0.238784029095
Mode: 231      0.00126971169354      0.276710543443
Mode: 1135     -0.0012421338081      0.27686049848
Mode: 817      0.00124123061654      0.111237569378
Mode: 1047     0.00123469251223      0.222085855082
Mode: 1152     -0.00123200959625      0.184229980031
Mode: 285      -0.0012308846933      0.331983385701
Mode: 1054     0.0012136440751      0.231904854487
Mode: 470      -0.00120851243693      0.21533759182
Mode: 596      -0.00120762549574      0.134112169129
Mode: 834      0.00120441506618      0.105531560243
Mode: 29       0.00119813976659      0.0637097220993
Mode: 420      0.00118032417031      0.264999693628
Mode: 892      -0.00116208984823      0.107619410887
Mode: 1068     -0.00116203179137      0.202859548408
Mode: 709      0.00115869562391      0.02158121683
Mode: 741      0.00113249460223      0.0555250134958
Mode: 1249     0.00113235650155      0.259173231214
Mode: 960      -0.00112773718224      0.0630661439561
Mode: 1114     -0.00112548010368      0.225916291031
Mode: 1213     -0.00112380059396      0.225382066391
Mode: 757      -0.00111616960078      0.0395864336542
Mode: 1063     0.00111500320172      0.211124207865
Mode: 595      -0.00111050018572      0.0588913601994
Mode: 1325     -0.00110531616473      0.281571698606
Mode: 970      -0.00109593348932      0.187922222098
Mode: 424      0.00107653229098      0.149059610404
Mode: 153      0.00106497504503      0.188744381809
Mode: 41       0.0010638215493      0.155511456814
Mode: 690      0.00106112980822      0.078942906405
Mode: 264      -0.00105471092908      0.245217624169
Mode: 317      -0.00104430880206      0.204078733802
Mode: 1554     0.00103674796464      0.296708563662
Mode: 738      -0.00101643831352      0.0665542034116
Mode: 1635     0.00101592459428      0.178821676419
Mode: 1404     -0.00101411294684      0.245557790464
Mode: 1369     -0.00100996770327      0.282708283222
Mode: 310      -0.00100717948365      0.335688759045
Mode: 430      0.00100673335044      0.27539171495
Mode: 1630     -0.000997335567256      0.196044391472
Mode: 362      0.000996722550486      0.309145232327
Mode: 436      -0.000984632710441      0.0931063520916
Mode: 499      -0.000982922113782      0.159990956462
Mode: 642      0.000967829917236      0.111288117552
Mode: 1722     -0.000965665473052      0.256978045155
Mode: 1796     -0.000961867887045      0.0791264535093
Mode: 360      -0.00095333896735      0.257005777284
Mode: 1258     -0.000949818424843      0.237740710473
Mode: 1247     0.0009423422434      0.226462912448
Mode: 1651     0.000942141485813      0.2986400151
Mode: 1340     -0.000937362660853      0.258268274643
Mode: 1641     0.000936736752348      0.143856815849
Mode: 155      0.000932459940798      0.31272594037
Mode: 157      0.000930714633555      0.215476767992
Mode: 688      0.000924980639078      0.0640487533105
Mode: 1681     -0.000919357999013      0.263127754555
Mode: 744      -0.000917979777272      0.134120908039
Mode: 947      -0.0009166240068      0.155063145919
Mode: 584      -0.0009148617363      0.0630221672632
Mode: 370      0.000906483683743      0.232023054425
Mode: 1669     0.000897480719597      0.197255163249
Mode: 1799     -0.000879774069119      0.200749910814
Mode: 881      0.000869802403643      0.147614403308
Mode: 598      0.000867390928517      0.0491015228665
Mode: 552      -0.000863113539489      0.114923407097
Mode: 1040     -0.000857382824776      0.179707061913
Mode: 537      -0.000853342000385      0.10902057038
Mode: 247      0.000847590618249      0.271889862221
Mode: 1715     0.000840702271139      0.128580061507
Mode: 1100     0.000839264487694      0.277999019468
Mode: 747      0.00082933755083      0.0962414067166
Mode: 208      -0.00082655359088      0.281638542158
Mode: 1770     0.000824080057583      0.239787546703
Mode: 1556     0.000821691675353      0.252939237477
Mode: 469      0.000818850370808      0.137770318042
Mode: 644      -0.000812283505792      0.0949808462802
Mode: 196      0.000811978532048      0.3298441119
Mode: 33       0.000803857159636      0.154230641355
Mode: 935      -0.000792020878154      0.175663399362
Mode: 889      0.000789685895671      0.0643938403689
Mode: 186      -0.000778476916537      0.36779609178
Mode: 839      -0.000775646299814      0.101536835009
Mode: 962      -0.000772075514734      0.090030852241
Mode: 1782     0.000768072829186      0.139160314529
Mode: 480      0.000767201113517      0.195917830894
Mode: 1313     0.000758891792343      0.326327228349
Mode: 1663     0.00075434838101      0.233917884038
Mode: 145      0.000745802648776      0.173867751661
Mode: 163      -0.000743137525078      0.297266103293
Mode: 1145     0.000736194558748      0.207851585299
Mode: 65       0.000730190354603      0.182446283333
Mode: 1137     0.000730022290466      0.281673673721
Mode: 1763     0.000728239245093      0.271544731779
Mode: 1697     0.000717692547952      0.17790941016
Mode: 1069     0.000716419649012      0.277210900982
Mode: 1477     -0.000714069340562      0.140827789707
Mode: 171      -0.000705270749242      0.231965794355
Mode: 879      -0.000704223145311      0.190964460901
Mode: 295      0.000700091705349      0.331853032765
Mode: 712      0.000699700183081      0.0522396946234
Mode: 1725     -0.000696426233598      0.247027837415
Mode: 498      0.000688261520429      0.0905863712444
Mode: 1712     0.000685138974648      0.172749423939
Mode: 218      0.000681008597911      0.188698714995
Mode: 277      0.000680261493839      0.244720764465
Mode: 983      0.000675232717702      0.130765710795
Mode: 1317     0.00067137951388      0.24531084381
Mode: 1777     -0.000671260304569      0.252487209998
Mode: 1012     0.000670357954206      0.100717997745
Mode: 367      -0.000645307107782      0.0979891082517
Mode: 1126     -0.000644975397083      0.33402084831
Mode: 1534     -0.00064312212969      0.229790239958
Mode: 220      -0.000641121629686      0.332773742732
Mode: 1790     -0.000640410462804      0.160129450726
Mode: 1282     -0.000637622774948      0.176714432151
Mode: 131      0.000637536907897      0.219355245777
Mode: 693      0.000632978329389      0.00314988409856
Mode: 1768     -0.000628800427695      0.267983252736
Mode: 315      -0.000627700704763      0.308527323517
Mode: 1810     -0.000627249013959      0.0648109383548
Mode: 75       0.000625797452098      0.175606382075
Mode: 183      -0.000625140476865      0.332873793458
Mode: 625      0.000619136580399      0.0289540826597
Mode: 1128     0.000612421870812      0.313436602699
Mode: 313      -0.000611303112749      0.295748343318
Mode: 1461     -0.000603779864065      0.114735485595
Mode: 530      -0.00060303626333      0.150261099299
Mode: 578      -0.000602960194008      0.173337542365
Mode: 1570     0.000592619374309      0.172393883251
Mode: 1331     -0.000582872381073      0.19571560027
Mode: 523      0.000575096572271      0.0825333720093
Mode: 337      0.00057445341066      0.321818238594
Mode: 140      -0.000568894924993      0.222373858658
Mode: 342      0.000562988529715      0.155064818581
Mode: 1166     -0.000557966585128      0.203904835754
Mode: 1087     0.000549928173512      0.280935375434
Mode: 148      -0.000546967477739      0.232057633725
Mode: 1521     0.000541510307441      0.228616465287
Mode: 1765     -0.000538304830529      0.285799772118
Mode: 1568     0.000536365431643      0.218870018661
Mode: 15       0.000530012785024      0.0893278590169
Mode: 45       0.000527664107859      0.133252912145
Mode: 260      0.000526456181962      0.296439134952
Mode: 1142     -0.000522978748017      0.252219819316
Mode: 303      -0.000512629561741      0.291625815782
Mode: 245      0.000506240700668      0.262535789416
Mode: 88       0.00050255871107      0.301833783608
Mode: 933      -0.000483086170069      0.173582547684
Mode: 324      -0.000478720274782      0.221158188947
Mode: 335      -0.000478635860682      0.258347451818
Mode: 1593     0.000477581518381      0.19829218508
Mode: 43       0.000475258095237      0.127348131537
Mode: 1415     0.000474073979781      0.242285693564
Mode: 1430     0.000471843663363      0.102098482175
Mode: 1112     0.000468061353052      0.243152386362
Mode: 269      0.00046386294474      0.224832953412
Mode: 457      0.000462441507803      0.242570818491
Mode: 353      -0.000461532658255      0.23165182172
Mode: 197      0.00046050954546      0.366609316552
Mode: 1077     -0.000456606561163      0.179837474242
Mode: 1029     -0.000455000059556      0.172687761515
Mode: 502      0.000452873162397      0.14045624209
Mode: 508      -0.000452518026919      0.118872219749
Mode: 1757     -0.000443713036392      0.249666003638
Mode: 1610     -0.000443559791962      0.243843696141
Mode: 1473     0.000439917054087      0.177833045814
Mode: 1083     -0.000439747422497      0.223428392123
Mode: 812      0.000434395759956      0.0231070938776
Mode: 17       0.000433943939688      0.0402790492866
Mode: 778      -0.000429953358823      0.0653096581386
Mode: 949      0.000405986852883      0.149085660857
Mode: 943      0.000403782421374      0.135528688805
Mode: 318      -0.000402139106812      0.414148617897
Mode: 345      0.000401202931365      0.237560729472
Mode: 1602     -0.000399822993041      0.238370371977
Mode: 1707     -0.000395708046975      0.219532255373
Mode: 35       -0.00039561072364      0.109701207831
Mode: 815      0.000383064294975      0.124614818644
Mode: 454      -0.000380734030367      0.132725418028
Mode: 1024     -0.000380613441049      0.185853818377
Mode: 1545     0.000377930834012      0.219431184983
Mode: 1232     -0.000377051830845      0.278156936764
Mode: 1164     -0.000376928388945      0.178336503253
Mode: 1530     -0.000372588564422      0.28111078542
Mode: 332      -0.000371143540687      0.246720429385
Mode: 1717     -0.000370382157658      0.240876605392
Mode: 1490     -0.000368027780134      0.186295013842
Mode: 233      0.000367420504672      0.328086690998
Mode: 1115     -0.000367330545986      0.272173690421
Mode: 160      -0.000366085232979      0.224693356564
Mode: 1794     0.000364358520296      0.208165151901
Mode: 1358     0.000361639519344      0.243994890459
Mode: 1615     -0.000360413449799      0.197041308517
Mode: 681      0.000353928293551      0.130371052254
Mode: 1250     -0.000345149355417      0.328032855643
Mode: 549      -0.000336863197188      0.161369833935
Mode: 1475     0.000336577713998      0.151073979456
Mode: 288      0.000334433646957      0.24683010613
Mode: 133      -0.000334406890103      0.215372751383
Mode: 535      -0.0003329200243      0.119833004285
Mode: 91       -0.00033239234969      0.320311744634
Mode: 122      -0.000330886441943      0.102607749167
Mode: 1091     -0.000330766216178      0.257865920226
Mode: 467      -0.000326468219935      0.22936269844
Mode: 283      0.000325653643693      0.316509835526
Mode: 1044     -0.000324248417409      0.152387884734
Mode: 383      -0.000321050726011      0.164335882563
Mode: 1488     0.000320422171866      0.170731139182
Mode: 378      -0.00031918984448      0.281644537692
Mode: 1759     0.000318910031288      0.219535172121
Mode: 1294     0.000316092556388      0.33347604446
Mode: 1519     -0.000315881994098      0.287365439517
Mode: 206      0.000306738761858      0.220649143483
Mode: 1492     0.00030257733174      0.141398349965
Mode: 1034     0.000301234212151      0.11600825416
Mode: 844      -0.000298549266724      3.29751268267e-05
Mode: 648      0.000298113498616      0.132230625679
Mode: 1497     0.000296838017124      0.264698884144
Mode: 1400     -0.000295541850441      0.270128875054
Mode: 67       0.000293644770444      0.237282289148
Mode: 119      -0.000292808511395      0.152836769866
Mode: 1124     0.000292678778987      0.307166552537
Mode: 262      -0.000290553730065      0.306519753304
Mode: 105      0.000290546265448      0.223862394707
Mode: 1624     0.000288853764182      0.183666973669
Mode: 296      0.000288664662144      0.229720027088
Mode: 987      0.000288399816869      0.0820996959616
Mode: 1598     -0.00028758276042      0.310993255766
Mode: 1140     0.000286829577232      0.219919610954
Mode: 1544     -0.000284604260099      0.217999777821
Mode: 1005     0.000283716117273      0.0508393817456
Mode: 1055     -0.000281582398663      0.251992573532
Mode: 971      -0.00027850145434      0.199925734016
Mode: 1073     -0.0002777445932      0.178237140052
Mode: 1379     -0.000272743294229      0.171521663023
Mode: 328      0.000267042176861      0.315673423386
Mode: 71       0.000264189633288      0.223881343092
Mode: 235      -0.000262453689706      0.380434897955
Mode: 734      -0.000260846616802      0.03232858234
Mode: 1122     -0.000255740725415      0.265376155197
Mode: 900      0.000255426393135      0.136706604029
Mode: 1229     -0.000253513683103      0.117020860894
Mode: 866      -0.000253060859058      0.126872222129
Mode: 767      0.000250904651957      0.103990628391
Mode: 228      -0.000249795548133      0.310567374981
Mode: 1699     -0.000249289462138      0.108317044754
Mode: 86       -0.000247631049269      0.296761464327
Mode: 11       -0.000247361265106      0.121462523006
Mode: 1643     -0.000239404654308      0.127513420448
Mode: 203      0.000239057128251      0.246649377011
Mode: 1775     -0.000233717033335      0.168211933927
Mode: 1290     0.000232434917609      0.104560013559
Mode: 169      0.000231605029792      0.224757583198
Mode: 1103     -0.000228909798609      0.228851187947
Mode: 376      0.000228248555395      0.237098201588
Mode: 379      0.000227310676947      0.240277411819
Mode: 78       -0.000226158553289      0.309868754894
Mode: 270      0.000226111453236      0.332778212215
Mode: 32       0.00021999227478      0.152920074086
Mode: 330      -0.000218298568236      0.216575152827
Mode: 223      -0.000216879216749      0.313503550073
Mode: 27       -0.000214427276779      0.106764090041
Mode: 609      0.000212513547435      0.108732104375
Mode: 1168     0.000211734585165      0.0858564121866
Mode: 271      0.000208930212717      0.33244194063
Mode: 732      0.000208913001858      0.0241671261125
Mode: 1817     0.000202663368824      0.105573087819
Mode: 1053     0.000202279346196      0.23348168281
Mode: 1373     -0.000200761469447      0.188902732632
Mode: 380      -0.000200674031213      0.239552457033
Mode: 265      -0.000198169416916      0.244456935294
Mode: 446      -0.000197271696565      0.145013953783
Mode: 989      0.000195676860624      0.194396134535
Mode: 442      -0.000194708231312      0.123132563074
Mode: 1303     0.000192347116788      0.089640105297
Mode: 791      -0.000191658849816      0.0303713720537
Mode: 1600     -0.000191043760293      0.120828584558
Mode: 1667     -0.000190757207975      0.253689936706
Mode: 322      -0.000188175909076      0.185747475198
Mode: 301      -0.000184039635832      0.171479772145
Mode: 432      -0.000180741335081      0.315639569221
Mode: 418      -0.000173495105202      0.276624492411
Mode: 736      -0.000170434156514      0.0162617949568
Mode: 677      0.000170216470427      0.156232558017
Mode: 53       -0.000169361720375      0.192516391975
Mode: 1144     -0.000169185021287      0.148965776078
Mode: 392      -0.000169166641499      0.205193530061
Mode: 22       0.000168944753078      0.0586859237572
Mode: 93       -0.000168882086316      0.218636174575
Mode: 941      0.000168352361063      0.118431338575
Mode: 1097     0.00016832628623      0.310886765338
Mode: 207      0.000168263853795      0.280017239752
Mode: 66       0.000166159614479      0.236887540061
Mode: 357      0.000165275668327      0.249192501479
Mode: 150      0.000164892903527      0.22936849296
Mode: 374      -0.000164611799518      0.22493593623
Mode: 339      -0.0001644672269      0.219609567814
Mode: 429      0.000164036237463      0.276933603205
Mode: 128      0.000163354715445      0.158812123513
Mode: 836      0.000162380956944      0.131920781477
Mode: 472      0.000159398635062      0.195466774042
Mode: 1093     -0.000157809417434      0.240143040284
Mode: 842      0.000157293506409      0.0785202260229
Mode: 1105     -0.000156465646834      0.28051311212
Mode: 781      -0.000155398707115      0.0687972752475
Mode: 1686     0.000155039188763      0.23452467903
Mode: 1511     0.000153715425017      0.222851284827
Mode: 485      0.000152094532899      0.181407629255
Mode: 1362     0.000151103972824      0.195419171992
Mode: 108      -0.000150601199817      0.208110877649
Mode: 1483     0.000149597936486      0.18866988459
Mode: 225      -0.000149171030389      0.210636334194
Mode: 117      0.000147615420146      0.137100730605
Mode: 95       -0.000146976276859      0.27410925639
Mode: 851      -0.000145730737325      0.18288388302
Mode: 684      0.000145501719326      0.0571846796948
Mode: 1319     0.000145312466825      0.373703169372
Mode: 355      0.000144937797147      0.244166137383
Mode: 1311     -0.0001446336766      0.301819577943
Mode: 1196     -0.000144304769597      0.208230197506
Mode: 1222     -0.000143994796641      0.277994732559
Mode: 416      -0.000143967149204      0.231078251317
Mode: 522      0.000142558437945      0.114325450274
Mode: 1665     -0.000142503251098      0.228532611152
Mode: 73       0.000142232095163      0.27975466216
Mode: 1559     -0.000138690942844      0.249314929169
Mode: 1645     0.000136550038309      0.123427939781
Mode: 805      0.000133543719174      0.0469088524628
Mode: 13       -0.000131407790482      0.113301564357
Mode: 401      -0.000130554833384      0.0958897513997
Mode: 1323     0.000129688493172      0.246636394998
Mode: 411      -0.000128127772647      0.212154106495
Mode: 857      0.000127869457005      0.105607882022
Mode: 1703     0.000125054651835      0.107936015629
Mode: 230      -0.000125026511773      0.274814522073
Mode: 1381     -0.000122730508382      0.193537634576
Mode: 164      -0.000121602594698      0.246223391161
Mode: 1058     0.000117757012086      0.231238509991
Mode: 754      -0.000116228533992      0.0404191771716
Mode: 848      0.000112840051025      0.0736854513035
Mode: 828      -0.000112376401198      0.021625672649
Mode: 914      0.00011196036297      0.0595436251614
Mode: 1405     0.000111756359547      0.266834587657
Mode: 524      0.000111727840516      0.0332727069742
Mode: 366      0.00011066655876      0.0987059377123
Mode: 529      -0.000110140318135      0.144878397048
Mode: 294      -0.000110032036955      0.330594007196
Mode: 373      -0.000109111486063      0.214304989983
Mode: 1417     0.000107584093708      0.16459434365
Mode: 458      -0.000106318169681      0.119216065582
Mode: 1659     -0.000105990978015      0.239862314004
Mode: 997      0.000105894850398      0.125855752401
Mode: 309      0.000105858555821      0.326922023022
Mode: 668      -0.000104732344001      0.258544921014
Mode: 560      0.000104150682567      0.170286498676
Mode: 1376     -9.90406633943e-05      0.254389539215
Mode: 722      -9.78058850225e-05      0.00408694988395
Mode: 527      -9.71678820589e-05      0.20179894106
Mode: 701      9.51296683096e-05      0.0973577519094
Mode: 20       -9.44695865235e-05      0.165655799889
Mode: 1108     9.38425293881e-05      0.26256394605
Mode: 341      9.35381114062e-05      0.153480694148
Mode: 115      -9.31604958548e-05      0.0972823091082
Mode: 427      9.3105500427e-05      0.214195605965
Mode: 369      9.1748313879e-05      0.230477463345
Mode: 1099     9.11898625876e-05      0.278215636243
Mode: 917      -9.05732587739e-05      0.200109462096
Mode: 1353     8.96202140822e-05      0.208281086401
Mode: 717      8.85036946923e-05      0.0248890012927
Mode: 58       -8.66782711951e-05      0.117106347069
Mode: 1803     8.65029738775e-05      0.210486567895
Mode: 999      -8.59046398778e-05      0.0733441551975
Mode: 1609     -8.48518942315e-05      0.244637505723
Mode: 951      8.45436463924e-05      0.124623393632
Mode: 1634     -8.42526322892e-05      0.185057470068
Mode: 1801     -8.397001527e-05      0.215892045766
Mode: 349      8.14187678096e-05      0.282059103837
Mode: 268      -8.07079540749e-05      0.225588388129
Mode: 244      -8.05369099716e-05      0.263028970907
Mode: 48       8.03661968601e-05      0.0994869343967
Mode: 1153     8.01595349736e-05      0.28476426312
Mode: 434      8.01309787205e-05      0.186014047686
Mode: 137      8.00026568547e-05      0.216057357765
Mode: 1427     -7.97130213587e-05      0.0893676440682
Mode: 1620     -7.94346025868e-05      0.143035284806
Mode: 238      7.92864825526e-05      0.297618279191
Mode: 956      7.89534910533e-05      0.0207247584735
Mode: 1822     7.78960138808e-05      0.0276090718368
Mode: 809      -7.76378712431e-05      0.00112668179979
Mode: 1711     -7.52950838311e-05      0.170703391131
Mode: 897      7.46776800439e-05      0.154284036054
Mode: 471      -7.35737297055e-05      0.156606040839
Mode: 1007     -7.21446186019e-05      0.166428020138
Mode: 466      7.20321511898e-05      0.231682345411
Mode: 708      7.18981804247e-05      0.0157351043247
Mode: 862      7.12833297768e-05      0.139065175341
Mode: 1171     7.10653491825e-05      0.216095034267
Mode: 405      7.08362695734e-05      0.119780071288
Mode: 135      -7.01391607295e-05      0.33449713677
Mode: 99       -6.99109071215e-05      0.204266781567
Mode: 622      6.92695022407e-05      0.0651783075848
Mode: 868      6.85003295936e-05      0.143058796458
Mode: 1321     6.78207917252e-05      0.207194792938
Mode: 440      -6.74203740929e-05      0.187390870634
Mode: 305      6.68061985841e-05      0.289732851144
Mode: 1151     6.66822231786e-05      0.187213532487
Mode: 489      6.62520710581e-05      0.259774349215
Mode: 760      -6.62098845778e-05      0.0735648580079
Mode: 948      -6.54574815102e-05      0.14901952741
Mode: 1268     6.52053783752e-05      0.310182563073
Mode: 1524     6.50354095373e-05      0.204393928104
Mode: 175      6.49739172029e-05      0.310521915528
Mode: 510      6.49697805296e-05      0.0903300603886
Mode: 26       -6.41352485904e-05      0.106999229667
Mode: 779      6.40007053875e-05      0.0911990604782
Mode: 874      6.35257498294e-05      0.0977466079592
Mode: 565      -6.29947382584e-05      0.0808032618523
Mode: 1067     -6.29569902257e-05      0.198014253687
Mode: 1179     -6.27558981058e-05      0.114580979064
Mode: 751      6.25657111987e-05      0.0277871448484
Mode: 316      6.23913959558e-05      0.206628096224
Mode: 1347     -6.17340187697e-05      0.206763570854
Mode: 1026     6.16574420243e-05      0.205040479083
Mode: 28       -6.10572160245e-05      0.0634061733521
Mode: 724      -6.0954639776e-05      0.150885243155
Mode: 465      6.09108654693e-05      0.193020904703
Mode: 55       -6.06708876786e-05      0.121983300765
Mode: 784      -5.94906364212e-05      0.0149571070323
Mode: 1493     5.87661252515e-05      0.13441938201
Mode: 1204     5.80968498876e-05      0.156765074891
Mode: 1001     5.75875694161e-05      0.0679053004768
Mode: 287      -5.70220786132e-05      0.245561062289
Mode: 1623     -5.6937108851e-05      0.185701900284
Mode: 985      -5.67049326858e-05      0.157813818192
Mode: 1118     5.66715838506e-05      0.30067675391
Mode: 1815     5.66208038765e-05      0.0298419959991
Mode: 964      -5.62965911212e-05      0.152243858285
Mode: 222      -5.61723124083e-05      0.311106658516
Mode: 205      -5.58381373034e-05      0.223055314446
Mode: 1515     -5.53617396579e-05      0.189605279107
Mode: 1653     -5.51445856574e-05      0.168641227448
Mode: 1194     5.42785033515e-05      0.174749753365
Mode: 765      5.41822554624e-05      0.00865548458538
Mode: 1308     5.41206507209e-05      0.176685946257
Mode: 793      -5.40435484771e-05      0.0325585985877
Mode: 289      -5.38974594044e-05      0.303717153066
Mode: 1286     -5.34614770835e-05      0.180905183292
Mode: 1517     -5.34038623831e-05      0.16357353661
Mode: 406      -5.32913473262e-05      0.0668473225155
Mode: 912      -5.32664081843e-05      0.126753813779
Mode: 603      5.26096875119e-05      0.0403356865245
Mode: 74       5.22351967963e-05      0.177249216335
Mode: 505      5.22287784299e-05      0.192663212983
Mode: 1694     5.21989410505e-05      0.215590578556
Mode: 1555     -5.12678535592e-05      0.253994114976
Mode: 1281     5.12112020453e-05      0.176765873579
Mode: 514      -5.09656956157e-05      0.0225595411592
Mode: 195      -5.09530605826e-05      0.345625867004
Mode: 1499     -5.09422222358e-05      0.0978360340658
Mode: 647      -5.08718436158e-05      0.13299861244
Mode: 121      -5.06897921513e-05      0.101244199586
Mode: 696      5.03901104212e-05      0.0826472624779
Mode: 650      -5.01753186634e-05      0.0787591391688
Mode: 419      -5.00742982047e-05      0.265279994417
Mode: 1656     5.00664402448e-05      0.328240577965
Mode: 347      4.93880627687e-05      0.301250459045
Mode: 969      4.92928749156e-05      0.195680795896
Mode: 853      4.8737445876e-05      0.10447330939
Mode: 1176     -4.85172145824e-05      0.222790867485
Mode: 361      4.83303195116e-05      0.313053326526
Mode: 777      -4.8238838788e-05      0.0224655447974
Mode: 735      4.80124497068e-05      0.0130775737666
Mode: 888      4.78361677345e-05      0.0553505477894
Mode: 1773     -4.77548837068e-05      0.174369604663
Mode: 1572     4.75960611284e-05      0.262740855032
Mode: 448      -4.73749654516e-05      0.112537780298
Mode: 336      -4.7122144824e-05      0.323839098497
Mode: 1811     -4.69823138391e-05      0.064716493903
Mode: 1031     -4.69651064687e-05      0.218930455658
Mode: 484      4.68988435215e-05      0.184355950334
Mode: 576      -4.678028716e-05      0.194285262739
Mode: 1208     -4.67229651388e-05      0.156288640838
Mode: 1039     4.66533307332e-05      0.156391763815
Mode: 1604     -4.66160832509e-05      0.287862491625
Mode: 329      -4.61765990174e-05      0.219006333515
Mode: 201      -4.52865256816e-05      0.269849544306
Mode: 908      -4.52554798787e-05      0.23161837274
Mode: 1160     -4.52257838762e-05      0.1919670004
Mode: 217      4.50596298989e-05      0.192346991402
Mode: 111      -4.47965619734e-05      0.117748953241
Mode: 63       -4.46942191081e-05      0.230730480359
Mode: 327      -4.45436866328e-05      0.317922212197
Mode: 1023     -4.40418957446e-05      0.195929588221
Mode: 1143     4.40068528679e-05      0.147382431946
Mode: 1301     4.39763530246e-05      0.337279111146
Mode: 280      -4.3692993827e-05      0.270858618757
Mode: 476      -4.36088879905e-05      0.244974231463
Mode: 23       4.33367166908e-05      0.107209589379
Mode: 1735     -4.32410299715e-05      0.275876312283
Mode: 1805     4.31335224717e-05      0.0646953805818
Mode: 545      -4.3063732869e-05      0.140976015033
Mode: 934      -4.30499616993e-05      0.1749362554
Mode: 1509     4.29446785769e-05      0.14423302639
Mode: 21       4.28537852644e-05      0.0594949832776
Mode: 237      -4.28208130558e-05      0.298065178274
Mode: 1189     4.26265936034e-05      0.194487004309
Mode: 1343     -4.18970545052e-05      0.18929401775
Mode: 551      4.15207919979e-05      0.0541056685708
Mode: 675      -4.14536650296e-05      0.0848636611743
Mode: 1333     -4.08725832109e-05      0.211437318588
Mode: 1275     4.08121719622e-05      0.213370729797
Mode: 626      4.05363939428e-05      0.0279595527709
Mode: 830      4.04071311759e-05      0.0111044350207
Mode: 386      -4.03957816212e-05      0.129427554968
Mode: 409      4.03052389893e-05      0.212941022791
Mode: 1349     -4.02937814288e-05      0.218253301779
Mode: 1820     4.02694627392e-05      0.0894368429028
Mode: 726      -4.00502715375e-05      0.129582922656
Mode: 44       -3.99291035427e-05      0.130181484432
Mode: 1092     3.9874961412e-05      0.242371028647
Mode: 540      3.97714348849e-05      0.160771337634
Mode: 1306     3.92861069629e-05      0.328156619821
Mode: 981      3.90635005511e-05      0.0830006287864
Mode: 607      3.87790984359e-05      0.120350835215
Mode: 672      -3.84760275616e-05      0.197801306925
Mode: 464      3.84524162632e-05      0.190157587027
Mode: 833      3.80967446631e-05      0.106266838042
Mode: 61       3.79574169221e-05      0.106538672283
Mode: 638      3.77687918423e-05      0.0828137690288
Mode: 275      3.7742050659e-05      0.247505227416
Mode: 259      3.74149177866e-05      0.296034161427
Mode: 481      3.65878373531e-05      0.263545758753
Mode: 799      -3.64984694033e-05      0.02287183268
Mode: 1787     3.61065715708e-05      0.123400570199
Mode: 826      -3.60397963553e-05      0.0973738406857
Mode: 1553     -3.59208830736e-05      0.298831786624
Mode: 1079     3.58777540932e-05      0.203962369904
Mode: 664      3.54234585293e-05      0.0832855339476
Mode: 616      -3.5262167031e-05      0.0641360907251
Mode: 1683     -3.51291090283e-05      0.381270267963
Mode: 1439     3.50685112963e-05      0.118702812264
Mode: 1442     -3.48805770393e-05      0.0979102116088
Mode: 1214     -3.48077750472e-05      0.215916353741
Mode: 855      -3.4068297026e-05      0.0895449787402
Mode: 818      3.37227667582e-05      0.0358600970604
Mode: 1277     -3.36781155853e-05      0.230355594339
Mode: 1226     3.323707169e-05      0.170197938574
Mode: 766      3.30997015409e-05      0.103535035437
Mode: 764      3.30845819097e-05      0.0110992481337
Mode: 931      3.29867416247e-05      0.133331759631
Mode: 1201     3.29672972355e-05      0.231881122625
Mode: 619      -3.29061229921e-05      0.0733183972968
Mode: 147      -3.24764826795e-05      0.231165450141
Mode: 1060     3.2172475617e-05      0.298396042774
Mode: 1033     -3.19852718356e-05      0.0955146235947
Mode: 167      -3.19366926788e-05      0.182643637002
Mode: 77       -3.14490248384e-05      0.301768768489
Mode: 704      -3.12464224444e-05      0.03278470661
Mode: 634      3.10404526834e-05      0.0260579722458
Mode: 444      -3.10067675908e-05      0.16514451824
Mode: 300      3.07972517861e-05      0.168011837794
Mode: 1261     3.05774069069e-05      0.308546820135
Mode: 456      -2.99103866616e-05      0.235559250923
Mode: 756      2.98814128951e-05      0.0407677491942
Mode: 482      -2.95601710563e-05      0.251575383616
Mode: 1158     2.9475438446e-05      0.144578746323
Mode: 1383     -2.93918216524e-05      0.232460720532
Mode: 312      2.93909650313e-05      0.294465682926
Mode: 1070     2.93595590536e-05      0.26348237905
Mode: 250      2.93586329628e-05      0.221512532535
Mode: 1330     -2.9348978204e-05      0.199152116544
Mode: 1050     2.92179658546e-05      0.21324923083
Mode: 661      -2.90464670005e-05      0.126081599031
Mode: 1216     2.90295892846e-05      0.0578144518251
Mode: 1418     -2.89902546315e-05      0.28824085836
Mode: 774      -2.89827573368e-05      0.0364640763651
Mode: 1576     2.89264031273e-05      0.24122131127
Mode: 1016     2.88898505684e-05      0.151345784675
Mode: 1463     -2.88667154636e-05      0.180170755301
Mode: 1243     -2.8833336835e-05      0.260386461695
Mode: 421      -2.87125543729e-05      0.22673154079
Mode: 636      -2.849692609e-05      0.0639632307984
Mode: 1795     2.83897548947e-05      0.0772091380405
Mode: 1000     2.75665365065e-05      0.0893294451728
Mode: 713      2.72896753061e-05      0.0600313709925
Mode: 1036     2.72510310133e-05      0.195140919399
Mode: 630      -2.71437130903e-05      0.190934756405
Mode: 1185     -2.70273977084e-05      0.318174585797
Mode: 187      2.68958809231e-05      0.287031889107
Mode: 512      2.68456235722e-05      0.133718673846
Mode: 1718     -2.67896084676e-05      0.0876870081428
Mode: 1629     -2.66862628894e-05      0.186483392983
Mode: 1779     -2.65705456821e-05      0.128384636566
Mode: 118      -2.65014066312e-05      0.153498298438
Mode: 1134     -2.64060323416e-05      0.279330308321
Mode: 581      2.63122812303e-05      0.13715698151
Mode: 240      2.6204903102e-05      0.264237459866
Mode: 1206     2.61139080007e-05      0.304934254733
Mode: 687      2.58565369431e-05      0.0578387906201
Mode: 937      -2.56261852107e-05      0.0719230804859
Mode: 252      -2.52688502251e-05      0.322913325238
Mode: 1263     -2.5251091722e-05      0.271086063472
Mode: 1013     2.49550203294e-05      0.0362938040799
Mode: 612      2.49035413349e-05      0.0823842176873
Mode: 669      2.47465697026e-05      0.193984470767
Mode: 1798     2.46690924229e-05      0.205478599219
Mode: 1009     2.4406999488e-05      0.12075742159
Mode: 659      2.42691701944e-05      0.0704071428347
Mode: 152      -2.41292497211e-05      0.191254893352
Mode: 1632     2.41141111017e-05      0.124143485762
Mode: 1613     2.41008523298e-05      0.27974277786
Mode: 976      2.40594547096e-05      0.10608577395
Mode: 1387     -2.40397139142e-05      0.251004859874
Mode: 1596     2.39986698692e-05      0.363590512557
Mode: 891      -2.36787408604e-05      0.113963271208
Mode: 52       -2.34800446799e-05      0.191003696884
Mode: 1372     2.32679543149e-05      0.193735354122
Mode: 1062     -2.31442562729e-05      0.218979193151
Mode: 1411     -2.30873470241e-05      0.257454770403
Mode: 1714     -2.29307740476e-05      0.131493450545
Mode: 1721     -2.29097131191e-05      0.251475801991
Mode: 1752     2.27827603425e-05      0.222634943942
Mode: 840      2.25303946103e-05      0.0393060989158
Mode: 144      2.25191724017e-05      0.173807557988
Mode: 1434     2.24965790866e-05      0.238081176637
Mode: 50       2.24752226195e-05      0.143297025627
Mode: 81       -2.24339228616e-05      0.317303910821
Mode: 213      -2.20555823662e-05      0.167935527972
Mode: 381      2.19678086536e-05      0.210767418292
Mode: 1141     2.19387657235e-05      0.277910094441
Mode: 590      -2.19012139039e-05      0.0710572796903
Mode: 210      2.17289530823e-05      0.37476802337
Mode: 1365     -2.17279466463e-05      0.282656861829
Mode: 519      2.15293753297e-05      0.136600192
Mode: 959      -2.14896203444e-05      0.0800939992518
Mode: 899      2.14018333158e-05      0.14118538938
Mode: 1662     -2.12000251124e-05      0.23402152254
Mode: 47       2.07986595257e-05      0.100035873207
Mode: 1425     2.05370435278e-05      0.123233612457
Mode: 104      2.03920377781e-05      0.221705151495
Mode: 1520     2.0274710319e-05      0.221745285445
Mode: 1421     -2.02458030325e-05      0.221185193044
Mode: 562      2.00719497236e-05      0.0319403984976
Mode: 292      -1.96908597932e-05      0.233654342157
Mode: 1522     -1.95319373644e-05      0.232238300866
Mode: 1644     1.94256504543e-05      0.126553779097
Mode: 838      -1.93229902709e-05      0.108379094073
Mode: 354      -1.92904188236e-05      0.243198735751
Mode: 1754     1.92831146002e-05      0.254157149928
Mode: 986      1.92631220838e-05      0.0810029551737
Mode: 306      -1.91052167981e-05      0.322758851844
Mode: 1082     1.9037385579e-05      0.196239602379
Mode: 307      -1.89792853178e-05      0.324165484455
Mode: 1165     -1.88508623992e-05      0.20140441203
Mode: 375      1.88453992992e-05      0.245557171673
Mode: 1218     -1.87424667095e-05      0.192977536035
Mode: 1597     1.86670596322e-05      0.294758821933
Mode: 728      1.86057105899e-05      0.0757727373541
Mode: 1501     1.8593729305e-05      0.184063173866
Mode: 878      -1.82659145533e-05      0.245770900446
Mode: 624      1.81787040494e-05      0.00592412664202
Mode: 555      -1.81464508586e-05      0.0999542893717
Mode: 1089     1.78350196125e-05      0.289324047284
Mode: 507      -1.78311459654e-05      0.11809107046
Mode: 232      1.78248265715e-05      0.32801332954
Mode: 1537     1.7806309641e-05      0.170644709323
Mode: 1235     1.77598914302e-05      0.283985175474
Mode: 1385     1.77528860205e-05      0.214928227122
Mode: 954      1.76605502803e-05      0.0706868237402
Mode: 1580     -1.74998547725e-05      0.293673372308
Mode: 182      -1.7465845287e-05      0.328687841163
Mode: 990      -1.73302079142e-05      0.0977738356944
Mode: 531      -1.72478651541e-05      0.123262365258
Mode: 1272     -1.72407715611e-05      0.217115433178
Mode: 860      -1.71275213538e-05      0.129157376937
Mode: 1562     1.70368609391e-05      0.331617604432
Mode: 1504     -1.69218097033e-05      0.212176609119
Mode: 1251     -1.68674735083e-05      0.35435008059
Mode: 497      -1.68062730144e-05      0.0903727233118
Mode: 1341     -1.66861591595e-05      0.261495738863
Mode: 924      -1.66130421394e-05      0.181395159109
Mode: 1256     -1.65489836532e-05      0.22527871427
Mode: 1279     1.63907232839e-05      0.216980165645
Mode: 1619     1.63380666557e-05      0.135701595876
Mode: 905      -1.62675221299e-05      0.207091533247
Mode: 1549     1.62186172134e-05      0.241433565772
Mode: 334      1.61954738288e-05      0.265338269443
Mode: 1336     -1.61077379119e-05      0.228612280271
Mode: 1685     1.59289197982e-05      0.233322923585
Mode: 180      1.59015527195e-05      0.39613567643
Mode: 139      -1.58678035011e-05      0.219087367627
Mode: 1728     1.57462820795e-05      0.200318718956
Mode: 1156     1.56957040112e-05      0.211102748002
Mode: 1326     -1.56359048175e-05      0.287988872526
Mode: 1700     1.56271695732e-05      0.215679717277
Mode: 1587     1.55935601321e-05      0.16107468038
Mode: 102      1.5570944205e-05      0.207810557586
Mode: 1450     1.55543708356e-05      0.263428624309
Mode: 82       1.54960173179e-05      0.221995031601
Mode: 901      -1.54949370074e-05      0.171175677015
Mode: 1408     -1.53746953845e-05      0.276192056271
Mode: 1121     1.51440733185e-05      0.267805769712
Mode: 894      1.49821599162e-05      0.130175145819
Mode: 415      1.49766502707e-05      0.228685566219
Mode: 1389     1.49727570949e-05      0.200663666978
Mode: 49       -1.4965005531e-05      0.142659981779
Mode: 1612     1.49091363011e-05      0.280280802145
Mode: 8        -1.48768627798e-05      0.066415259027
Mode: 1028     -1.4729812877e-05      0.171966041011
Mode: 1592     1.47143294734e-05      0.198903495009
Mode: 200      1.46993327571e-05      0.269821734716
Mode: 1084     1.46223075294e-05      0.250990858184
Mode: 961      1.45586159421e-05      0.0908959607287
Mode: 816      -1.45554433738e-05      0.104449897277
Mode: 1397     1.4518859989e-05      0.254693685497
Mode: 1637     -1.44248810683e-05      0.254641936364
Mode: 97       -1.4349286603e-05      0.199836161035
Mode: 479      1.43426978539e-05      0.18518699045
Mode: 567      -1.42801911491e-05      0.12216913227
Mode: 34       1.42113666686e-05      0.108505928575
Mode: 592      -1.4160393117e-05      0.121486902856
Mode: 1673     -1.41057885105e-05      0.244063686361
Mode: 404      -1.41055165641e-05      0.134758090016
Mode: 988      1.40892666098e-05      0.192727370846
Mode: 70       -1.39718203616e-05      0.228277485175
Mode: 397      1.38958488085e-05      0.180849403749
Mode: 1393     -1.38712097976e-05      0.263590636826
Mode: 1367     1.37910326714e-05      0.231355975288
Mode: 261      1.37759720187e-05      0.309734191149
Mode: 788      -1.37041322437e-05      0.0443026474244
Mode: 1648     -1.36053064203e-05      0.220366187845
Mode: 542      -1.35795250125e-05      0.189308805954
Mode: 811      -1.33646666089e-05      0.0232104473029
Mode: 534      1.32809102117e-05      0.111070166259
Mode: 929      -1.31376805936e-05      0.165887439844
Mode: 87       1.30629698677e-05      0.302328158745
Mode: 679      1.30246885518e-05      0.154149997989
Mode: 587      1.30102099096e-05      0.139988695021
Mode: 946      -1.30033502803e-05      0.163110027653
Mode: 711      -1.29659698604e-05      0.0409018393064
Mode: 1762     -1.29372597282e-05      0.258544775923
Mode: 181      1.29302494858e-05      0.402665941342
Mode: 202      -1.29266274415e-05      0.250166084734
Mode: 1569     -1.28810998084e-05      0.18533737859
Mode: 1127     -1.27667533082e-05      0.31524595042
Mode: 1163     -1.26603866203e-05      0.164394841752
Mode: 60       -1.26498707486e-05      0.105635612912
Mode: 873      -1.2639211442e-05      0.0976538547613
Mode: 1496     1.24557345869e-05      0.262663658012
Mode: 1125     1.23917799749e-05      0.339145687767
Mode: 1691     1.2386593455e-05      0.2585557871
Mode: 1076     -1.23619861265e-05      0.180058842855
Mode: 156      -1.23479148423e-05      0.212655220929
Mode: 110      1.23036134509e-05      0.117864166242
Mode: 173      -1.22823884487e-05      0.336017494078
Mode: 516      1.22478656298e-05      0.0658775752467
Mode: 1297     1.22283047753e-05      0.206690508155
Mode: 706      -1.21418269986e-05      0.00524320617394
Mode: 538      -1.21089464158e-05      0.0927170499468
Mode: 1528     -1.2104810342e-05      0.283500440161
Mode: 1454     1.20241568006e-05      0.189647062337
Mode: 1783     1.19914412406e-05      0.166849093709
Mode: 468      1.19620672339e-05      0.133207477717
Mode: 871      1.18952843064e-05      0.109126037197
Mode: 451      -1.17826766475e-05      0.116477976443
Mode: 1824     1.1759027066e-05      0.000563755139585
Mode: 966      -1.17573382079e-05      0.141421486824
Mode: 491      -1.17397155106e-05      0.212173152073
Mode: 1237     -1.17062168458e-05      0.370944914015
Mode: 1191     -1.1525800938e-05      0.159907209966
Mode: 1476     1.14858160371e-05      0.163379888036
Mode: 880      -1.14790638628e-05      0.125226540825
Mode: 321      -1.1252438239e-05      0.182815739479
Mode: 178      -1.11991987527e-05      0.260471045077
Mode: 1744     -1.1170249142e-05      0.223947460421
Mode: 1432     1.1167325227e-05      0.173676146406
Mode: 1212     -1.10698910677e-05      0.247096094674
Mode: 154      1.10511241761e-05      0.314249939488
Mode: 219      1.09736053086e-05      0.329402522541
Mode: 1533     1.09388459812e-05      0.227690879857
Mode: 1804     -1.09330978074e-05      0.0626707343369
Mode: 982      1.09036068515e-05      0.124786223591
Mode: 234      -1.0787716329e-05      0.393938387734
Mode: 1339     -1.07531333986e-05      0.127201226139
Mode: 1709     -1.06050501605e-05      0.214225010738
Mode: 1584     -1.05339958471e-05      0.165147921811
Mode: 984      1.04796250298e-05      0.15503983421
Mode: 1726     -1.04569893857e-05      0.31007523853
Mode: 113      -1.04147893321e-05      0.12977576588
Mode: 921      1.04088708094e-05      0.105894986216
Mode: 577      -1.02973320664e-05      0.221367150015
Mode: 116      -1.02411400589e-05      0.135743755631
Mode: 1767     1.01084844799e-05      0.272394940782
Mode: 1675     -1.00632920276e-05      0.261793047572
Mode: 823      9.97944635193e-06      0.106196848913
Mode: 1658     9.91273567495e-06      0.239247051207
Mode: 1370     9.87353499335e-06      0.266649506224
Mode: 769      -9.82288888916e-06      0.00757127971971
Mode: 1252     9.78997832774e-06      0.244237668882
Mode: 1748     -9.70202792772e-06      0.272930537752
Mode: 1444     -9.69041439381e-06      0.187104851764
Mode: 284      9.61337045654e-06      0.334780228575
Mode: 575      9.47594858066e-06      0.180966992527
Mode: 1540     9.34265565437e-06      0.281460144298
Mode: 274      -9.28203123754e-06      0.241167404801
Mode: 1474     9.23457098482e-06      0.179504749935
Mode: 40       -9.08624816162e-06      0.15576674504
Mode: 452      9.00142240604e-06      0.118631343135
Mode: 1043     -8.97270291987e-06      0.163734762013
Mode: 439      8.96737623947e-06      0.184599633316
Mode: 85       -8.94545108473e-06      0.299761661379
Mode: 1102     8.84968740417e-06      0.221889934921
Mode: 96       -8.83304040836e-06      0.201896961371
Mode: 1807     8.81452445452e-06      0.0162864280935
Mode: 1018     8.72424264343e-06      0.123605004869
Mode: 743      8.68823832285e-06      0.135429153256
Mode: 1558     -8.65410208015e-06      0.252646134027
Mode: 1136     -8.6509305602e-06      0.289634857225
Mode: 126      -8.60400681303e-06      0.113530387035
Mode: 926      8.58105632487e-06      0.115612597389
Mode: 62       8.50475256049e-06      0.230210556472
Mode: 731      -8.40680253337e-06      0.0252485824525
Mode: 1111     8.38713841385e-06      0.265663807994
Mode: 1481     8.32700650228e-06      0.162364636439
Mode: 1011     8.28538730532e-06      0.225673195226
Mode: 190      8.17602518426e-06      0.267256512942
Mode: 1086     8.14886471734e-06      0.287643966682
Mode: 719      -8.09377906193e-06      0.031035010845
Mode: 1130     -8.0629025918e-06      0.260296451331
Mode: 1564     -8.04556794242e-06      0.16549897806
Mode: 1781     8.0411561376e-06      0.137314676037
Mode: 553      8.02458363288e-06      0.167865172011
Mode: 689      7.93073822638e-06      0.0873835002153
Mode: 134      7.90802896725e-06      0.333634653335
Mode: 1416     -7.88891330692e-06      0.133617985904
Mode: 886      7.77537752434e-06      0.107781465815
Mode: 1489     -7.77448030557e-06      0.165073755357
Mode: 1640     -7.75885858646e-06      0.144090132993
Mode: 1567     -7.63340881085e-06      0.227352519467
Mode: 193      -7.62298818654e-06      0.272532412018
Mode: 185      -7.61897429663e-06      0.369005400303
Mode: 1595     7.52458046309e-06      0.351957447098
Mode: 1680     -7.52097533628e-06      0.259400364984
Mode: 1174     -7.51725278308e-06      0.199442579699
Mode: 1466     -7.48709996476e-06      0.197579979626
Mode: 1266     -7.48625771458e-06      0.292332557897
Mode: 632      7.46702963084e-06      0.141725832511
Mode: 1223     -7.43338493165e-06      0.282926022891
Mode: 1436     -7.4265411947e-06      0.120288790602
Mode: 597      -7.41089589241e-06      0.0239516969259
Mode: 1769     -7.39648596083e-06      0.242109569595
Mode: 136      -7.37972464419e-06      0.213025999339
Mode: 1507     7.3676335492e-06      0.199751894807
Mode: 801      7.328499654e-06      0.0152377767511
Mode: 605      -7.25707321829e-06      0.0987858014813
Mode: 1283     -7.19616526864e-06      0.228590267516
Mode: 733      -7.19513823578e-06      0.0359426630885
Mode: 263      -7.19067569955e-06      0.245243143952
Mode: 796      7.10106128044e-06      0.00668237325769
Mode: 1478     7.07472684718e-06      0.0992660404297
Mode: 1318     7.02107129916e-06      0.254051999925
Mode: 98       -6.98207018776e-06      0.20472086668
Mode: 1542     -6.95188775359e-06      0.250915971082
Mode: 1391     6.93170166585e-06      0.211672822039
Mode: 1241     6.72680181452e-06      0.231343506968
Mode: 417      -6.68912355693e-06      0.274542572729
Mode: 1821     6.62462020969e-06      0.027342154376
Mode: 1414     6.50305715878e-06      0.247019209442
Mode: 1187     6.46668910206e-06      0.102978559878
Mode: 112      6.44881724075e-06      0.129837726464
Mode: 441      -6.29989352974e-06      0.119683586152
Mode: 980      -6.29683294027e-06      0.0846164424074
Mode: 1292     6.20756231479e-06      0.228095927111
Mode: 1786     6.16197419877e-06      0.124435980771
Mode: 1148     -6.15534616208e-06      0.235534790542
Mode: 771      -6.0460399141e-06      0.0748800157843
Mode: 569      6.04397079537e-06      0.164773292939
Mode: 10       -6.04339454519e-06      0.122536188728
Mode: 54       -6.01584269952e-06      0.121908308085
Mode: 443      5.98471884369e-06      0.152083917192
Mode: 600      5.86443221978e-06      0.0873249983705
Mode: 36       -5.85914876961e-06      0.0889323765349
Mode: 12       5.79892609817e-06      0.113330372318
Mode: 1139     -5.68601194921e-06      0.223122910691
Mode: 64       5.65416439823e-06      0.174356536704
Mode: 655      5.62778811609e-06      0.0480852532669
Mode: 594      -5.55191030049e-06      0.0538545516771
Mode: 1688     -5.49056472705e-06      0.121979604526
Mode: 130      5.48676832251e-06      0.218324230697
Mode: 1772     -5.39271974448e-06      0.176459663159
Mode: 1646     -5.32603480458e-06      0.234079274737
Mode: 42       5.28793318736e-06      0.128934737402
Mode: 1776     5.25663271176e-06      0.245523632131
Mode: 1088     5.16390890536e-06      0.227989601682
Mode: 1471     -5.14855245117e-06      0.188808654193
Mode: 276      5.13695675515e-06      0.226039892282
Mode: 14       -5.12337720268e-06      0.0880273840455
Mode: 1813     5.06444282035e-06      0.0905652278065
Mode: 445      -5.06070988357e-06      0.172291515353
Mode: 1816     -5.04731045784e-06      0.10444366007
Mode: 974      -5.02858498133e-06      0.172526733168
Mode: 1589     -5.00656890083e-06      0.239540505676
Mode: 1806     4.96033551625e-06      0.0156528491029
Mode: 1328     -4.93198156284e-06      0.318378279913
Mode: 1030     4.91577462188e-06      0.228228105973
Mode: 1670     -4.85517795997e-06      0.308253135416
Mode: 1746     -4.71329476757e-06      0.299815611375
Mode: 132      -4.61979810492e-06      0.214961995107
Mode: 246      -4.50647862026e-06      0.273040299588
Mode: 1094     -4.45588993887e-06      0.315688840522
Mode: 359      -4.42418149265e-06      0.256446828033
Mode: 1487     -4.42012776931e-06      0.183232423312
Mode: 127      -4.40538785994e-06      0.157424479298
Mode: 1756     4.35805398746e-06      0.256431455926
Mode: 19       4.34880443573e-06      0.162998808119
Mode: 125      -4.31732958992e-06      0.113290165839
Mode: 1470     4.31516123781e-06      0.189972403583
Mode: 1403     -4.29377655551e-06      0.298930957334
Mode: 1599     -4.27269388538e-06      0.124387280907
Mode: 107      4.15169315934e-06      0.208629489074
Mode: 1551     4.03258167986e-06      0.296931275058
Mode: 1041     3.93983432398e-06      0.218024673864
Mode: 865      3.93671096269e-06      0.122709753266
Mode: 7        -3.90902426816e-06      0.067099511635
Mode: 1359     3.89585193445e-06      0.160056681185
Mode: 486      3.88480491052e-06      0.141467556897
Mode: 57       -3.86685344635e-06      0.117297785462
Mode: 814      3.85494831199e-06      0.112277710378
Mode: 90       -3.79591332156e-06      0.321374089726
Mode: 786      -3.78327667807e-06      0.0243418706519
Mode: 903      -3.71623728029e-06      0.0997856703126
Mode: 1819     3.67663090811e-06      0.0879795529657
Mode: 1716     3.676156538e-06      0.242470256759
Mode: 803      3.63851561492e-06      0.114517191712
Mode: 80       -3.62276736288e-06      0.3196936676
Mode: 1774     3.54161936853e-06      0.170176020635
Mode: 748      -3.51642647053e-06      0.0118561749767
Mode: 1183     -3.49058226106e-06      0.287092194821
Mode: 395      3.48114548513e-06      0.320553809009
Mode: 1253     -3.47715703139e-06      0.246088240591
Mode: 1472     3.45295830093e-06      0.176759923155
Mode: 1401     3.29057360715e-06      0.20775358158
Mode: 657      -3.19965377646e-06      0.18809009323
Mode: 16       3.11360624108e-06      0.0399583663043
Mode: 614      3.09197755258e-06      0.0904995470184
Mode: 1582     -3.06552879556e-06      0.168489087675
Mode: 821      -3.06072693659e-06      0.169491421247
Mode: 1064     3.05834255615e-06      0.203312339977
Mode: 1402     -2.94352450714e-06      0.223678569724
Mode: 1621     2.90199034796e-06      0.288576358941
Mode: 162      -2.85947843745e-06      0.302030723727
Mode: 1649     2.83145652296e-06      0.222191259425
Mode: 1812     2.82047507531e-06      0.0894763635726
Mode: 1666     2.78435596597e-06      0.25811306179
Mode: 1677     2.75909051428e-06      0.285506233139
Mode: 255      -2.75466964747e-06      0.171120847695
Mode: 1574     2.67238066236e-06      0.239474861169
Mode: 1357     -2.61384908394e-06      0.309573793419
Mode: 919      2.54435651319e-06      0.0579799634395
Mode: 1650     -2.53221115108e-06      0.285240712247
Mode: 1802     -2.52090706172e-06      0.209014164053
Mode: 304      -2.50021019494e-06      0.291647678815
Mode: 1046     -2.45326047257e-06      0.204617913668
Mode: 1199     2.43304746052e-06      0.362708860396
Mode: 1351     -2.37965621596e-06      0.0834960390128
Mode: 248      2.36640522618e-06      0.300576337302
Mode: 1456     -2.28932125713e-06      0.159707530219
Mode: 1696     2.28697233167e-06      0.184843086157
Mode: 1698     2.27432816746e-06      0.106407631165
Mode: 1789     2.17769394742e-06      0.161906114355
Mode: 994      -2.11457676937e-06      0.123115405151
Mode: 94       2.10046294871e-06      0.273299286864
Mode: 1514     -2.08992522276e-06      0.183195258688
Mode: 1239     -2.02048025907e-06      0.243106320626
Mode: 1113     1.98825536336e-06      0.223441233971
Mode: 1448     -1.94190496823e-06      0.190139897088
Mode: 1764     1.92223558879e-06      0.312645308859
Mode: 1730     1.91840506993e-06      0.0919621344123
Mode: 314      -1.82938761919e-06      0.303801363075
Mode: 302      1.77553670446e-06      0.289162616491
Mode: 1267     1.75947416017e-06      0.290058722472
Mode: 242      1.7411369549e-06      0.252210482031
Mode: 1452     -1.63962457125e-06      0.124300218778
Mode: 1221     -1.63674257897e-06      0.248206558274
Mode: 1668     -1.62951582129e-06      0.186629796421
Mode: 571      1.58301192739e-06      0.113711100411
Mode: 1468     -1.56960370821e-06      0.154037534004
Mode: 1246     -1.56030165563e-06      0.216160029378
Mode: 1380     -1.55097919518e-06      0.192102527298
Mode: 399      1.53436362901e-06      0.213313250451
Mode: 1547     1.43297097764e-06      0.24496434691
Mode: 583      -1.36906625811e-06      0.0639686677922
Mode: 1606     1.33038291005e-06      0.307261973071
Mode: 652      1.27589585235e-06      0.165466812761
Mode: 667      -1.26852238111e-06      0.264368555039
Mode: 536      -1.21352122809e-06      0.122042781963
Mode: 377      -1.20073988247e-06      0.282392993505
Mode: 114      1.1977974715e-06      0.097423206467
Mode: 1090     1.19722629424e-06      0.322626994646
Mode: 453      1.17700274653e-06      0.139612998278
Mode: 1800     1.15298988239e-06      0.21244479723
Mode: 72       -1.14818609191e-06      0.28275770992
Mode: 474      -1.12639924934e-06      0.218881388719
Mode: 1793     -1.09812913705e-06      0.202524354961
Mode: 352      -1.07697251633e-06      0.231850900167
Mode: 1299     1.0621329218e-06      0.299947556486
Mode: 1123     -1.02918395839e-06      0.315458756238
Mode: 1647     9.60532708949e-07      0.227432919402
Mode: 1316     -9.53757428976e-07      0.226865489526
Mode: 331      -9.25016041326e-07      0.245362053467
Mode: 1733     -8.59308335016e-07      0.163037769725
Mode: 1664     -8.57185376677e-07      0.233114152605
Mode: 699      8.03752247752e-07      0.030711052188
Mode: 1738     -7.32227961486e-07      0.257534823434
Mode: 1382     6.88130489883e-07      0.212317872525
Mode: 737      6.63095439353e-07      0.0658369128503
Mode: 691      6.61255433495e-07      0.110288577637
Mode: 940      -6.39688031063e-07      0.130404270216
Mode: 1518     5.86035561344e-07      0.296225626244
Mode: 1642     -5.65813821214e-07      0.136151044729
Mode: 1248     5.61318738218e-07      0.255380578601
Mode: 215      -5.57957422142e-07      0.288465102381
Mode: 585      5.34497088024e-07      0.0885874344405
Mode: 282      4.77952524162e-07      0.313131802845
Mode: 1724     4.63457472091e-07      0.236674395667
Mode: 83       -4.25115575261e-07      0.221841625927
Mode: 1516     -2.5886178552e-07      0.159855373345
Mode: 1491     2.40843039726e-07      0.119649714394
Mode: 1742     2.2494825709e-07      0.21589104293
Mode: 942      2.14209472048e-07      0.112338830754
Mode: 1814     -2.08398435315e-07      0.0283511533756
Mode: 944      -1.56919532557e-07      0.112595383397
Mode: 92       -1.42321892769e-07      0.219400316469
Mode: 1758     1.40686254812e-07      0.209713480901
Mode: 1617     -1.27706130951e-07      0.261718258413
Mode: 1378     9.59743563678e-08      0.160785804159
Mode: 1048     7.77443190798e-08      0.188806244076
Mode: 746      4.9662437607e-08      0.128141582109
Mode: 1399     4.03249950747e-08      0.272304914274
Mode: 875      -3.94871727583e-08      0.0926972553448
Mode: 3        3.9111563387e-08      0.00204545099042
Mode: 5        -3.62800976171e-08      0.0806791330802
Mode: 1        3.3770865077e-08      0.00646474948499
Mode: 495      -2.34295027262e-08      0.0713031400544
Mode: 758      2.33997767083e-08      0.028110153546
Mode: 2        -2.17719875504e-08      0.0109368861626
Mode: 4        -9.35472071461e-09      0.095463640657
Mode: 6        -7.73259587131e-09      0.0165256658761
Mode: 1627     3.63201683727e-09      0.210149274654
