1 25.9603
2 25.8323
3 25.8323
4 24.8347
5 24.8346
6 24.5817
7 24.5816
8 24.5394
9 24.4205
10 24.4203
11 22.9609
12 22.9601
13 22.8589
14 22.7946
15 22.7925
16 22.7146
17 22.7141
18 22.22
19 22.2198
20 22.0459
21 22.0458
22 22.0412
23 21.9749
24 21.8547
25 21.8545
26 21.6648
27 21.6632
28 21.469
29 21.4672
30 21.3882
31 21.3874
32 21.2097
33 21.2052
34 21.1825
35 21.1757
36 21.1749
37 21.0845
38 21.0793
39 21.008
40 20.8904
41 20.747
42 20.7428
43 20.7028
44 20.6438
45 20.6435
46 20.3707
47 20.3094
48 20.2994
49 20.21
50 20.2074
51 20.1547
52 20.1535
53 20.1345
54 20.0486
55 20.0388
56 19.8371
57 19.8363
58 19.8355
59 19.8354
60 19.7227
61 19.5655
62 19.5605
63 19.5475
64 19.5461
65 19.5033
66 19.3773
67 19.3644
68 19.3482
69 19.3414
70 19.3133
71 19.2077
72 19.1657
73 19.1648
74 19.1623
75 19.1592
76 19.0018
77 19.0005
78 18.9747
79 18.9738
80 18.9655
81 18.8388
82 18.7933
83 18.7923
84 18.7776
85 18.7749
86 18.6941
87 18.6891
88 18.6535
89 18.6519
90 18.6248
91 18.5399
92 18.4947
93 18.4904
94 18.4489
95 18.4387
96 18.4362
97 18.3214
98 18.3172
99 18.2904
100 18.2211
101 18.2156
102 18.1994
103 18.1975
104 18.1895
105 18.1653
106 18.1581
107 18.1504
108 18.1341
109 18.1243
110 18.1239
111 18.0331
112 18.0242
113 18.0218
114 17.972
115 17.9714
116 17.9243
117 17.9222
118 17.89
119 17.8744
120 17.8727
121 17.7858
122 17.7832
123 17.7612
124 17.7571
125 17.7558
126 17.7205
127 17.6732
128 17.6675
129 17.6658
130 17.642
131 17.6413
132 17.5913
133 17.5911
134 17.5758
135 17.5741
136 17.5248
137 17.5238
138 17.5229
139 17.4839
140 17.4794
141 17.4429
142 17.4106
143 17.409
144 17.3774
145 17.3464
146 17.346
147 17.2834
148 17.2769
149 17.2723
150 17.2097
151 17.2066
152 17.1958
153 17.1787
154 17.1758
155 17.1579
156 17.1456
157 17.1232
158 17.1156
159 17.0918
160 17.0677
161 17.0657
162 16.9958
163 16.9911
164 16.9841
165 16.9835
166 16.9356
167 16.9354
168 16.9301
169 16.929
170 16.9223
171 16.8732
172 16.784
173 16.7836
174 16.7059
175 16.6982
176 16.6971
177 16.6942
178 16.6933
179 16.672
180 16.6601
181 16.6537
182 16.598
183 16.5976
184 16.5968
185 16.5954
186 16.5453
187 16.545
188 16.5392
189 16.5383
190 16.5103
191 16.5079
192 16.477
193 16.416
194 16.4112
195 16.3604
196 16.3521
197 16.3519
198 16.3487
199 16.3479
200 16.3356
201 16.2982
202 16.2978
203 16.2905
204 16.2897
205 16.267
206 16.256
207 16.2493
208 16.2492
209 16.1887
210 16.1802
211 16.1779
212 16.1778
213 16.1202
214 16.1166
215 16.0879
216 16.0845
217 16.0837
218 16.0612
219 16.0599
220 16.036
221 16.013
222 16.0129
223 15.9951
224 15.9871
225 15.9828
226 15.9425
227 15.9416
228 15.9262
229 15.9228
230 15.9224
231 15.8695
232 15.8691
233 15.8434
234 15.8327
235 15.8253
236 15.8157
237 15.7906
238 15.7638
239 15.7635
240 15.7461
241 15.7296
242 15.7275
243 15.7194
244 15.7167
245 15.6893
246 15.6566
247 15.6506
248 15.6222
249 15.6173
250 15.6116
251 15.6084
252 15.6006
253 15.542
254 15.5315
255 15.5276
256 15.5072
257 15.5053
258 15.4707
259 15.4649
260 15.4611
261 15.4364
262 15.4309
263 15.4217
264 15.4198
265 15.3997
266 15.391
267 15.3893
268 15.3775
269 15.3735
270 15.3501
271 15.3342
272 15.3033
273 15.3012
274 15.2953
275 15.2863
276 15.2862
277 15.2528
278 15.2523
279 15.2222
280 15.2179
281 15.1994
282 15.1981
283 15.1535
284 15.1515
285 15.1434
286 15.1363
287 15.1363
288 15.0919
289 15.0885
290 15.0804
291 15.0767
292 15.0559
293 15.0294
294 15.0265
295 15.007
296 14.9966
297 14.958
298 14.9563
299 14.9203
300 14.9191
301 14.919
302 14.8847
303 14.8788
304 14.8451
305 14.8307
306 14.8279
307 14.8271
308 14.8129
309 14.8111
310 14.7821
311 14.7797
312 14.7591
313 14.7547
314 14.7279
315 14.7274
316 14.7254
317 14.7251
318 14.6695
319 14.6683
320 14.6679
321 14.6611
322 14.6602
323 14.6142
324 14.6138
325 14.6036
326 14.5836
327 14.5833
328 14.5622
329 14.5575
330 14.5543
331 14.5465
332 14.5454
333 14.539
334 14.4832
335 14.4829
336 14.4782
337 14.4766
338 14.4761
339 14.4393
340 14.4388
341 14.4376
342 14.4355
343 14.4251
344 14.4239
345 14.4182
346 14.3658
347 14.3644
348 14.3643
349 14.3478
350 14.3452
351 14.331
352 14.3241
353 14.3185
354 14.3052
355 14.3035
356 14.2998
357 14.2986
358 14.2601
359 14.2537
360 14.2535
361 14.2535
362 14.1977
363 14.1926
364 14.1849
365 14.1701
366 14.1594
367 14.154
368 14.1467
369 14.1444
370 14.1397
371 14.1395
372 14.1156
373 14.1101
374 14.0767
375 14.0711
376 14.046
377 14.0429
378 14.0367
379 14.0338
380 14.0263
381 14.0207
382 14.0155
383 14.0013
384 13.9973
385 13.9886
386 13.9811
387 13.9709
388 13.9617
389 13.9591
390 13.9582
391 13.937
392 13.9263
393 13.9233
394 13.9171
395 13.9122
396 13.9075
397 13.8984
398 13.8869
399 13.8518
400 13.8429
401 13.8392
402 13.8386
403 13.8327
404 13.8309
405 13.8059
406 13.8052
407 13.8036
408 13.797
409 13.7751
410 13.7684
411 13.758
412 13.7493
413 13.7287
414 13.7262
415 13.7241
416 13.7204
417 13.7122
418 13.7004
419 13.6798
420 13.6794
421 13.6719
422 13.6414
423 13.6296
424 13.6196
425 13.6188
426 13.6182
427 13.614
428 13.6084
429 13.5802
430 13.5744
431 13.5651
432 13.5641
433 13.5521
434 13.5428
435 13.5424
436 13.519
437 13.5088
438 13.5056
439 13.5019
440 13.5003
441 13.4833
442 13.4823
443 13.4679
444 13.4598
445 13.4578
446 13.4476
447 13.446
448 13.4124
449 13.4098
450 13.4068
451 13.4044
452 13.3931
453 13.3894
454 13.3704
455 13.3584
456 13.3573
457 13.3491
458 13.344
459 13.3379
460 13.3192
461 13.3182
462 13.301
463 13.2872
464 13.2846
465 13.2706
466 13.2651
467 13.2647
468 13.2554
469 13.2549
470 13.2409
471 13.217
472 13.1951
473 13.1925
474 13.19
475 13.1757
476 13.1621
477 13.159
478 13.1586
479 13.1124
480 13.1086
481 13.0961
482 13.088
483 13.0841
484 13.0692
485 13.0684
486 13.0568
487 13.0494
488 13.0471
489 13.0363
490 13.0269
491 13.0267
492 13.0236
493 13.011
494 13.0075
495 13.003
496 12.9874
497 12.9651
498 12.9614
499 12.9585
500 12.9503
501 12.9488
502 12.9366
503 12.9275
504 12.9244
505 12.9202
506 12.92
507 12.8943
508 12.8904
509 12.879
510 12.8722
511 12.8688
512 12.8605
513 12.8548
514 12.8546
515 12.8545
516 12.853
517 12.8308
518 12.8308
519 12.8226
520 12.8175
521 12.8134
522 12.7907
523 12.7803
524 12.7783
525 12.7754
526 12.7622
527 12.7584
528 12.758
529 12.7572
530 12.7542
531 12.7354
532 12.7351
533 12.7286
534 12.7246
535 12.7056
536 12.6903
537 12.69
538 12.6752
539 12.6618
540 12.6525
541 12.6524
542 12.6448
543 12.6391
544 12.6278
545 12.6265
546 12.6084
547 12.5949
548 12.5921
549 12.5868
550 12.5867
551 12.5616
552 12.5575
553 12.5515
554 12.5451
555 12.5424
556 12.5421
557 12.5386
558 12.5052
559 12.4966
560 12.4916
561 12.4797
562 12.4769
563 12.4762
564 12.4755
565 12.4755
566 12.4554
567 12.4504
568 12.4442
569 12.4406
570 12.4398
571 12.4234
572 12.4159
573 12.4159
574 12.4003
575 12.3991
576 12.3655
577 12.3597
578 12.3511
579 12.3511
580 12.3505
581 12.3486
582 12.3328
583 12.3304
584 12.3124
585 12.3101
586 12.2854
587 12.2816
588 12.2791
589 12.2706
590 12.2679
591 12.2592
592 12.2575
593 12.2568
594 12.2552
595 12.2378
596 12.232
597 12.2162
598 12.2093
599 12.2092
600 12.1941
601 12.1841
602 12.1822
603 12.1804
604 12.1764
605 12.1739
606 12.1465
607 12.1408
608 12.1346
609 12.1344
610 12.1303
611 12.1028
612 12.1013
613 12.0985
614 12.0946
615 12.0834
616 12.0791
617 12.0566
618 12.0503
619 12.0483
620 12.04
621 12.034
622 12.0294
623 12.0233
624 12.0227
625 12.0216
626 12.0096
627 12.0092
628 11.9964
629 11.9926
630 11.9825
631 11.9822
632 11.9786
633 11.9722
634 11.9655
635 11.9633
636 11.9439
637 11.9427
638 11.9376
639 11.9151
640 11.9099
641 11.8983
642 11.8977
643 11.8832
644 11.8747
645 11.8742
646 11.8721
647 11.8686
648 11.8618
649 11.8595
650 11.8445
651 11.8291
652 11.8284
653 11.8235
654 11.8184
655 11.8158
656 11.7839
657 11.7722
658 11.7612
659 11.7391
660 11.7343
661 11.731
662 11.7225
663 11.7216
664 11.7213
665 11.7073
666 11.7065
667 11.7008
668 11.7003
669 11.6794
670 11.6704
671 11.6671
672 11.6668
673 11.6632
674 11.6592
675 11.6544
676 11.6416
677 11.6226
678 11.6223
679 11.617
680 11.6169
681 11.5846
682 11.576
683 11.5722
684 11.5542
685 11.5521
686 11.5518
687 11.5419
688 11.5406
689 11.5333
690 11.5318
691 11.5259
692 11.5257
693 11.5121
694 11.4962
695 11.4958
696 11.4938
697 11.4933
698 11.4897
699 11.4674
700 11.4637
701 11.4627
702 11.43
703 11.4211
704 11.4202
705 11.4041
706 11.4005
707 11.3802
708 11.3797
709 11.3756
710 11.3749
711 11.3635
712 11.3462
713 11.3456
714 11.3332
715 11.3326
716 11.329
717 11.3144
718 11.3095
719 11.3085
720 11.3065
721 11.3005
722 11.2738
723 11.2736
724 11.2684
725 11.2592
726 11.2569
727 11.2507
728 11.2386
729 11.2383
730 11.2268
731 11.219
732 11.2189
733 11.2057
734 11.2018
735 11.2009
736 11.1817
737 11.1779
738 11.1668
739 11.1667
740 11.1273
741 11.121
742 11.1202
743 11.1177
744 11.079
745 11.0778
746 11.0554
747 11.0527
748 11.0512
749 11.0499
750 11.0383
751 11.0341
752 11.0322
753 11.014
754 11.0043
755 11.0043
756 10.9938
757 10.9818
758 10.9816
759 10.9775
760 10.9712
761 10.9681
762 10.9658
763 10.9645
764 10.9642
765 10.9532
766 10.9446
767 10.943
768 10.9281
769 10.9247
770 10.9056
771 10.8993
772 10.8847
773 10.8825
774 10.8795
775 10.8774
776 10.8745
777 10.8566
778 10.8521
779 10.8516
780 10.85
781 10.8484
782 10.8275
783 10.8251
784 10.8081
785 10.8065
786 10.8032
787 10.7903
788 10.786
789 10.7754
790 10.7737
791 10.7728
792 10.7724
793 10.7623
794 10.7504
795 10.7475
796 10.7447
797 10.7329
798 10.7307
799 10.7117
800 10.7084
801 10.7045
802 10.6997
803 10.6993
804 10.6811
805 10.6809
806 10.6723
807 10.6621
808 10.66
809 10.6526
810 10.6526
811 10.6516
812 10.6196
813 10.6181
814 10.6051
815 10.6025
816 10.6009
817 10.5831
818 10.5816
819 10.5813
820 10.5806
821 10.5553
822 10.5547
823 10.5166
824 10.5138
825 10.5092
826 10.5088
827 10.5079
828 10.4771
829 10.4759
830 10.4754
831 10.4754
832 10.4753
833 10.4482
834 10.4477
835 10.4465
836 10.4397
837 10.4393
838 10.4256
839 10.4084
840 10.4015
841 10.4012
842 10.388
843 10.3856
844 10.3555
845 10.3552
846 10.3485
847 10.3485
848 10.3261
849 10.3228
850 10.3155
851 10.3152
852 10.2944
853 10.2702
854 10.2552
855 10.2537
856 10.2515
857 10.2502
858 10.2358
859 10.2355
860 10.235
861 10.229
862 10.2283
863 10.2191
864 10.1968
865 10.1962
866 10.194
867 10.1921
868 10.1886
869 10.1675
870 10.1664
871 10.1487
872 10.1476
873 10.1372
874 10.1293
875 10.1264
876 10.1239
877 10.12
878 10.1136
879 10.1049
880 10.1046
881 10.0923
882 10.0836
883 10.0834
884 10.0678
885 10.0669
886 10.0587
887 10.0553
888 10.0447
889 10.0413
890 10.0399
891 10.0397
892 10.0334
893 10.0215
894 10.0197
895 9.9982
896 9.97489
897 9.97474
898 9.97459
899 9.95916
900 9.95884
901 9.9488
902 9.94742
903 9.93684
904 9.925
905 9.92434
906 9.9031
907 9.90236
908 9.88532
909 9.87618
910 9.87522
911 9.8731
912 9.87228
913 9.84965
914 9.84704
915 9.84417
916 9.84155
917 9.84093
918 9.82981
919 9.82914
920 9.80275
921 9.78066
922 9.76571
923 9.76337
924 9.76083
925 9.75724
926 9.7547
927 9.75243
928 9.75144
929 9.74099
930 9.73892
931 9.71835
932 9.7183
933 9.70774
934 9.70732
935 9.70339
936 9.69104
937 9.68815
938 9.67724
939 9.6618
940 9.66158
941 9.65585
942 9.64876
943 9.64744
944 9.62692
945 9.6255
946 9.62427
947 9.61328
948 9.61326
949 9.61319
950 9.57938
951 9.57905
952 9.57866
953 9.57769
954 9.55792
955 9.55676
956 9.55601
957 9.53254
958 9.53235
959 9.50251
960 9.50082
961 9.49077
962 9.48958
963 9.48945
964 9.48363
965 9.47186
966 9.47125
967 9.45762
968 9.44549
969 9.4452
970 9.42566
971 9.42438
972 9.40748
973 9.40415
974 9.40138
975 9.39041
976 9.38641
977 9.36857
978 9.36679
979 9.33806
980 9.33612
981 9.3302
982 9.32596
983 9.32578
984 9.31094
985 9.30981
986 9.30815
987 9.30768
988 9.30221
989 9.30211
990 9.2936
991 9.29218
992 9.26404
993 9.26324
994 9.25926
995 9.25901
996 9.2586
997 9.23018
998 9.23005
999 9.2157
1000 9.20724
1001 9.20625
1002 9.19745
1003 9.19643
1004 9.19597
1005 9.19208
1006 9.17478
1007 9.1653
1008 9.16419
1009 9.16136
1010 9.16109
1011 9.15242
1012 9.15041
1013 9.1502
1014 9.11649
1015 9.11331
1016 9.11216
1017 9.11145
1018 9.07888
1019 9.05607
1020 9.05599
1021 9.03128
1022 9.03114
1023 9.0287
1024 9.00406
1025 9.00246
1026 9.00202
1027 8.99918
1028 8.99512
1029 8.98661
1030 8.98519
1031 8.98109
1032 8.98059
1033 8.96158
1034 8.94465
1035 8.94421
1036 8.94007
1037 8.93985
1038 8.93884
1039 8.92694
1040 8.92614
1041 8.91973
1042 8.90481
1043 8.90287
1044 8.88728
1045 8.88301
1046 8.84488
1047 8.8443
1048 8.84155
1049 8.83879
1050 8.83843
1051 8.80009
1052 8.79373
1053 8.79367
1054 8.79342
1055 8.7888
1056 8.78271
1057 8.78121
1058 8.7775
1059 8.76115
1060 8.7577
1061 8.75699
1062 8.75636
1063 8.75182
1064 8.73677
1065 8.73671
1066 8.7108
1067 8.71079
1068 8.70512
1069 8.70089
1070 8.69352
1071 8.69287
1072 8.68405
1073 8.68141
1074 8.6708
1075 8.6707
1076 8.66103
1077 8.66081
1078 8.64839
1079 8.64269
1080 8.6366
1081 8.63243
1082 8.62684
1083 8.61989
1084 8.61519
1085 8.61395
1086 8.60227
1087 8.59476
1088 8.5941
1089 8.57429
1090 8.57278
1091 8.57256
1092 8.54097
1093 8.53484
1094 8.53405
1095 8.53035
1096 8.53031
1097 8.51435
1098 8.51339
1099 8.49321
1100 8.49244
1101 8.46775
1102 8.46652
1103 8.46381
1104 8.43684
1105 8.4344
1106 8.4236
1107 8.42317
1108 8.42291
1109 8.42222
1110 8.41034
1111 8.38754
1112 8.38331
1113 8.38037
1114 8.37883
1115 8.37709
1116 8.35988
1117 8.3485
1118 8.34491
1119 8.3376
1120 8.33519
1121 8.32851
1122 8.32465
1123 8.32366
1124 8.30756
1125 8.30438
1126 8.30348
1127 8.30291
1128 8.30044
1129 8.29496
1130 8.29158
1131 8.28131
1132 8.2751
1133 8.26168
1134 8.2477
1135 8.24562
1136 8.23163
1137 8.23126
1138 8.23118
1139 8.22663
1140 8.22601
1141 8.21364
1142 8.21275
1143 8.19545
1144 8.19471
1145 8.18113
1146 8.17707
1147 8.1764
1148 8.14853
1149 8.14673
1150 8.14554
1151 8.14286
1152 8.14151
1153 8.12434
1154 8.12386
1155 8.12198
1156 8.12185
1157 8.11706
1158 8.10399
1159 8.10294
1160 8.08577
1161 8.05923
1162 8.05625
1163 8.05258
1164 8.05224
1165 8.0409
1166 8.02785
1167 8.02735
1168 8.01112
1169 8.00742
1170 8.00733
1171 7.98947
1172 7.98868
1173 7.98398
1174 7.98294
1175 7.97166
1176 7.96946
1177 7.95835
1178 7.94733
1179 7.94435
1180 7.94054
1181 7.93967
1182 7.9321
1183 7.91106
1184 7.91012
1185 7.90075
1186 7.90039
1187 7.90006
1188 7.85448
1189 7.85421
1190 7.85251
1191 7.84849
1192 7.84693
1193 7.84436
1194 7.82434
1195 7.82367
1196 7.81122
1197 7.81065
1198 7.79425
1199 7.79158
1200 7.78442
1201 7.78318
1202 7.78157
1203 7.75979
1204 7.74767
1205 7.74626
1206 7.7462
1207 7.74498
1208 7.72521
1209 7.72418
1210 7.7152
1211 7.70732
1212 7.7072
1213 7.68264
1214 7.68113
1215 7.6798
1216 7.6576
1217 7.65629
1218 7.63005
1219 7.62658
1220 7.61385
1221 7.60851
1222 7.60814
1223 7.60417
1224 7.60064
1225 7.58846
1226 7.58379
1227 7.56497
1228 7.56242
1229 7.55994
1230 7.55855
1231 7.55367
1232 7.55153
1233 7.53034
1234 7.52823
1235 7.52222
1236 7.50941
1237 7.50811
1238 7.48612
1239 7.4853
1240 7.47842
1241 7.47797
1242 7.47125
1243 7.46837
1244 7.46807
1245 7.44756
1246 7.44652
1247 7.42442
1248 7.42385
1249 7.41255
1250 7.41107
1251 7.40118
1252 7.39299
1253 7.37756
1254 7.3701
1255 7.36965
1256 7.36932
1257 7.3536
1258 7.34015
1259 7.33192
1260 7.3307
1261 7.31221
1262 7.31166
1263 7.29679
1264 7.29539
1265 7.28698
1266 7.28622
1267 7.28266
1268 7.26635
1269 7.26073
1270 7.24946
1271 7.24855
1272 7.24047
1273 7.22617
1274 7.21795
1275 7.21304
1276 7.20944
1277 7.20645
1278 7.20382
1279 7.20193
1280 7.20019
1281 7.19291
1282 7.19231
1283 7.18934
1284 7.15646
1285 7.14248
1286 7.14182
1287 7.13049
1288 7.124
1289 7.12107
1290 7.11435
1291 7.11354
1292 7.09556
1293 7.09155
1294 7.09116
1295 7.08845
1296 7.08777
1297 7.08721
1298 7.06231
1299 7.04911
1300 7.04489
1301 7.04421
1302 7.04411
1303 7.03489
1304 7.03408
1305 7.02212
1306 7.00299
1307 7.00149
1308 7.00111
1309 7.00081
1310 6.99811
1311 6.98403
1312 6.98306
1313 6.97626
1314 6.964
1315 6.96292
1316 6.9548
1317 6.95354
1318 6.94059
1319 6.94039
1320 6.93418
1321 6.93332
1322 6.93035
1323 6.91122
1324 6.91014
1325 6.89263
1326 6.89254
1327 6.89138
1328 6.87368
1329 6.87258
1330 6.87197
1331 6.87148
1332 6.87143
1333 6.82945
1334 6.82885
1335 6.81088
1336 6.80989
1337 6.80726
1338 6.78697
1339 6.77552
1340 6.77455
1341 6.76188
1342 6.76158
1343 6.756
1344 6.74785
1345 6.74714
1346 6.73569
1347 6.73559
1348 6.72417
1349 6.71695
1350 6.71628
1351 6.71448
1352 6.71269
1353 6.69632
1354 6.69235
1355 6.692
1356 6.67894
1357 6.67873
1358 6.67639
1359 6.66124
1360 6.66042
1361 6.66009
1362 6.64435
1363 6.64381
1364 6.61004
1365 6.60842
1366 6.60313
1367 6.60304
1368 6.59261
1369 6.59193
1370 6.59121
1371 6.56226
1372 6.55961
1373 6.55949
1374 6.54434
1375 6.54288
1376 6.52862
1377 6.52197
1378 6.51934
1379 6.50365
1380 6.50344
1381 6.4955
1382 6.4948
1383 6.49252
1384 6.47563
1385 6.46415
1386 6.46058
1387 6.45841
1388 6.45695
1389 6.44156
1390 6.44057
1391 6.43383
1392 6.43376
1393 6.37914
1394 6.37692
1395 6.37677
1396 6.36983
1397 6.36968
1398 6.34497
1399 6.34496
1400 6.34431
1401 6.32726
1402 6.32726
1403 6.28874
1404 6.28815
1405 6.28009
1406 6.27938
1407 6.27895
1408 6.24687
1409 6.22838
1410 6.22812
1411 6.22348
1412 6.22334
1413 6.20184
1414 6.20174
1415 6.18953
1416 6.18915
1417 6.1693
1418 6.15298
1419 6.143
1420 6.14294
1421 6.13742
1422 6.13687
1423 6.11276
1424 6.1018
1425 6.10003
1426 6.09997
1427 6.09994
1428 6.0724
1429 6.07225
1430 6.07023
1431 6.05414
1432 6.0534
1433 6.03832
1434 6.03579
1435 6.02112
1436 6.01932
1437 5.99953
1438 5.98696
1439 5.98492
1440 5.98161
1441 5.97733
1442 5.97725
1443 5.96075
1444 5.94362
1445 5.94172
1446 5.92288
1447 5.9171
1448 5.917
1449 5.90991
1450 5.90957
1451 5.90319
1452 5.90318
1453 5.86167
1454 5.86147
1455 5.82554
1456 5.82505
1457 5.81132
1458 5.81077
1459 5.8086
1460 5.8023
1461 5.79083
1462 5.79057
1463 5.77504
1464 5.75656
1465 5.75647
1466 5.73715
1467 5.73626
1468 5.73621
1469 5.67483
1470 5.67458
1471 5.66401
1472 5.66379
1473 5.65292
1474 5.65203
1475 5.64995
1476 5.63552
1477 5.63546
1478 5.61196
1479 5.61175
1480 5.60087
1481 5.59264
1482 5.59211
1483 5.5703
1484 5.56977
1485 5.55667
1486 5.55637
1487 5.5536
1488 5.53241
1489 5.48505
1490 5.48491
1491 5.47379
1492 5.47345
1493 5.47003
1494 5.45421
1495 5.45392
1496 5.44426
1497 5.44338
1498 5.42542
1499 5.42433
1500 5.42392
1501 5.41983
1502 5.41963
1503 5.39225
1504 5.39215
1505 5.38607
1506 5.38591
1507 5.38578
1508 5.37287
1509 5.35022
1510 5.34977
1511 5.31356
1512 5.31203
1513 5.312
1514 5.29543
1515 5.2951
1516 5.2777
1517 5.2775
1518 5.26813
1519 5.26797
1520 5.25264
1521 5.24786
1522 5.24773
1523 5.23096
1524 5.20431
1525 5.20417
1526 5.20103
1527 5.20085
1528 5.1731
1529 5.17256
1530 5.16894
1531 5.16889
1532 5.13839
1533 5.12046
1534 5.11855
1535 5.118
1536 5.10269
1537 5.1026
1538 5.03689
1539 5.03628
1540 5.03331
1541 5.01855
1542 5.01822
1543 4.98204
1544 4.98157
1545 4.97511
1546 4.94589
1547 4.94386
1548 4.94189
1549 4.94175
1550 4.92808
1551 4.9268
1552 4.91245
1553 4.87505
1554 4.85234
1555 4.84984
1556 4.84244
1557 4.84012
1558 4.81234
1559 4.80827
1560 4.79864
1561 4.79863
1562 4.78872
1563 4.78866
1564 4.73375
1565 4.73061
1566 4.73019
1567 4.72378
1568 4.72346
1569 4.67091
1570 4.67012
1571 4.63066
1572 4.6303
1573 4.61948
1574 4.60038
1575 4.59695
1576 4.59692
1577 4.5516
1578 4.55069
1579 4.54871
1580 4.54188
1581 4.54005
1582 4.51022
1583 4.50945
1584 4.46229
1585 4.46202
1586 4.43385
1587 4.43377
1588 4.40772
1589 4.40681
1590 4.40456
1591 4.40388
1592 4.3767
1593 4.3627
1594 4.36262
1595 4.32373
1596 4.29243
1597 4.29215
1598 4.28928
1599 4.28891
1600 4.23299
1601 4.23266
1602 4.21399
1603 4.21373
1604 4.21291
1605 4.17839
1606 4.17789
1607 4.17716
1608 4.17284
1609 4.17282
1610 4.11635
1611 4.09878
1612 4.0984
1613 4.08753
1614 4.08727
1615 4.07871
1616 4.07822
1617 4.05856
1618 4.05775
1619 4.04589
1620 4.03808
1621 4.03755
1622 3.99492
1623 3.98502
1624 3.98478
1625 3.97047
1626 3.97001
1627 3.96323
1628 3.94344
1629 3.94326
1630 3.90827
1631 3.9082
1632 3.85792
1633 3.8574
1634 3.85578
1635 3.85268
1636 3.85256
1637 3.80597
1638 3.80512
1639 3.78586
1640 3.78171
1641 3.7807
1642 3.76999
1643 3.74838
1644 3.74745
1645 3.7121
1646 3.71096
1647 3.68544
1648 3.66419
1649 3.66183
1650 3.64876
1651 3.64828
1652 3.59198
1653 3.59149
1654 3.58275
1655 3.5769
1656 3.5745
1657 3.55107
1658 3.54817
1659 3.53316
1660 3.47759
1661 3.47503
1662 3.47496
1663 3.4404
1664 3.43901
1665 3.42294
1666 3.41166
1667 3.41159
1668 3.32561
1669 3.32506
1670 3.2901
1671 3.28931
1672 3.28834
1673 3.21412
1674 3.18143
1675 3.18089
1676 3.17737
1677 3.17671
1678 3.15018
1679 3.14967
1680 3.11478
1681 3.11454
1682 3.11307
1683 3.08162
1684 3.08148
1685 3.07076
1686 3.05498
1687 3.05478
1688 3.01601
1689 3.01556
1690 3.0155
1691 2.95462
1692 2.9545
1693 2.9438
1694 2.90811
1695 2.90738
1696 2.8608
1697 2.86074
1698 2.83704
1699 2.83675
1700 2.79775
1701 2.79757
1702 2.77785
1703 2.74938
1704 2.74907
1705 2.73874
1706 2.73869
1707 2.6783
1708 2.67195
1709 2.61206
1710 2.6119
1711 2.58712
1712 2.58536
1713 2.58529
1714 2.53858
1715 2.53795
1716 2.48725
1717 2.48673
1718 2.44585
1719 2.44582
1720 2.3973
1721 2.39709
1722 2.36688
1723 2.34873
1724 2.34847
1725 2.30063
1726 2.25654
1727 2.25643
1728 2.22487
1729 2.22442
1730 2.21634
1731 2.18348
1732 2.17654
1733 2.1765
1734 2.12681
1735 2.12673
1736 2.05485
1737 2.05434
1738 2.01236
1739 2.01218
1740 2.0044
1741 2.00394
1742 1.9479
1743 1.9023
1744 1.90163
1745 1.89403
1746 1.89376
1747 1.86675
1748 1.83027
1749 1.83019
1750 1.82344
1751 1.82306
1752 1.7971
1753 1.78846
1754 1.78768
1755 1.7451
1756 1.72488
1757 1.72458
1758 1.67217
1759 1.67208
1760 1.67125
1761 1.671
1762 1.62455
1763 1.56289
1764 1.56097
1765 1.56095
1766 1.56057
1767 1.56021
1768 1.48686
1769 1.4867
1770 1.47797
1771 1.47776
1772 1.42095
1773 1.35058
1774 1.35053
1775 1.28074
1776 1.2749
1777 1.27486
1778 1.25008
1779 1.24979
1780 1.21547
1781 1.21007
1782 1.20987
1783 1.19273
1784 1.19262
1785 1.12993
1786 1.10885
1787 1.10878
1788 1.10717
1789 1.10699
1790 1.04694
1791 1.04679
1792 1.02936
1793 0.999995
1794 0.980768
1795 0.980423
1796 0.93922
1797 0.938924
1798 0.852901
1799 0.852881
1800 0.843815
1801 0.817183
1802 0.787442
1803 0.787242
1804 0.663951
1805 0.663929
1806 0.659346
1807 0.655407
1808 0.654686
1809 0.583021
1810 0.582912
1811 0.559543
1812 0.559522
1813 0.47501
1814 0.455652
1815 0.45542
1816 0.384629
1817 0.38383
1818 0.364343
1819 0.364297
1820 0.240886
1821 0.240809
1822 0.180366
1823 0.075609
1824 0.0756008
1825 3.33467e-15
1826 3.16414e-15
1827 1.77938e-15
1828 1.20881e-15
1829 3.85125e-16
1830 9.81691e-17
